	dc_lam12_p_val	dc_lam12_delta	sc_lam12_p_val	sc_lam12_delta	dc_nonlam_p_val	dc_nonlam_delta	sc_nonlam_p_val	sc_nonlam_delta	LAM1.pct	LAM2.pct	nonLAM.pct	pct.fc.12	pct.fc.nl	Score
MYOCD	4.21E-39	0.918	1.12E-36	0.887	1.17E-99	0.959	6.17E-163	0.964	0.264	0.017	0.014	15.529	18.857	7.68E-13
TCF21	7.92E-30	0.795	5.33E-22	0.674	8.28E-89	0.904	2.51E-84	0.879	0.724	0.400	0.062	1.810	11.677	3.43E-09
SRF	2.52E-25	0.728	4.53E-19	0.623	9.74E-98	0.949	2.10E-93	0.927	0.387	0.157	0.095	2.465	4.074	2.45E-08
PURA	7.25E-28	0.766	3.65E-16	0.568	2.28E-86	0.891	6.35E-81	0.861	0.411	0.339	0.288	1.212	1.427	5.90E-07
HOXA10	1.15E-15	0.558	1.85E-14	0.533	2.01E-105	0.987	1.81E-105	0.987	0.466	0.261	0.002	1.785	233.000	1.27E-06
MEF2A	7.58E-24	0.704	1.01E-18	0.617	2.35E-83	0.875	6.53E-66	0.775	0.663	0.357	0.365	1.857	1.816	5.79E-06
PITX2	1.79E-12	0.490	3.42E-09	0.408	1.34E-68	0.791	5.24E-57	0.719	0.209	0.070	0.001	2.986	209.000	5.79E-06
SMAD2	3.52E-17	0.588	4.89E-10	0.431	2.10E-59	0.735	3.86E-49	0.666	0.466	0.409	0.366	1.139	1.273	3.99E-04
EGR2	3.42E-10	0.435	2.33E-09	0.413	7.93E-47	0.649	2.28E-40	0.600	0.196	0.226	0.050	0.867	3.920	5.12E-04
FOXF1	1.61E-22	0.683	9.38E-16	0.560	2.45E-39	0.592	4.48E-37	0.569	0.337	0.139	0.099	2.424	3.404	7.37E-04
SKI	1.52E-08	0.390	2.08E-08	0.375	2.31E-34	0.551	2.69E-43	0.511	0.399	0.226	0.214	1.765	1.864	8.36E-04
KLF13	1.79E-12	0.490	2.77E-10	0.437	1.00E-50	0.677	6.27E-47	0.646	0.209	0.270	0.275	0.774	0.760	1.08E-03
MITF	2.50E-04	0.245	1.96E-04	0.250	2.44E-81	0.864	1.03E-74	0.827	0.859	0.600	0.125	1.432	6.872	1.69E-03
SMAD4	8.88E-06	0.302	3.51E-05	0.280	6.81E-49	0.664	2.35E-48	0.660	0.454	0.270	0.229	1.681	1.983	1.93E-03
KLF9	1.49E-10	0.444	7.77E-09	0.398	7.73E-41	0.604	1.82E-33	0.544	0.564	0.530	0.358	1.064	1.575	6.35E-03
KLF12	1.93E-07	0.358	3.78E-06	0.315	7.19E-70	0.799	9.88E-76	0.784	0.270	0.313	0.121	0.863	2.231	8.58E-03
NR4A1	9.66E-05	0.263	4.85E-04	0.232	8.06E-70	0.799	7.85E-59	0.731	0.712	0.374	0.403	1.904	1.767	8.67E-03
CXXC1	5.24E-08	0.375	9.22E-06	0.302	5.41E-46	0.643	2.72E-34	0.550	0.166	0.104	0.088	1.596	1.886	1.05E-02
SMAD1	3.94E-07	0.348	4.47E-06	0.313	1.89E-39	0.593	2.55E-32	0.534	0.141	0.087	0.155	1.621	0.910	1.97E-02
MEF2D	6.08E-08	0.373	1.41E-07	0.362	1.24E-29	0.510	9.87E-22	0.431	0.282	0.226	0.133	1.248	2.120	2.63E-02
TFCP2	7.10E-12	0.476	1.09E-07	0.365	3.88E-49	0.666	2.23E-39	0.593	0.147	0.139	0.146	1.058	1.007	2.76E-02
GATA6	7.63E-18	0.601	3.50E-15	0.548	2.72E-05	0.183	9.24E-23	0.442	0.564	0.235	0.202	2.400	2.792	3.03E-02
MAX	1.50E-04	0.255	1.30E-03	0.212	4.75E-16	0.364	3.76E-12	0.310	0.552	0.357	0.270	1.546	2.044	5.95E-02
TCF7L2	2.63E-04	0.244	1.84E-03	0.205	2.08E-17	0.381	6.06E-13	0.322	0.503	0.278	0.276	1.809	1.822	5.95E-02
KLF15	2.35E-06	0.322	4.01E-04	0.236	2.88E-25	0.468	6.99E-24	0.453	0.166	0.017	0.044	9.765	3.773	6.45E-02
SIRT1	2.88E-18	0.608	2.34E-12	0.487	1.13E-13	0.332	2.20E-12	0.314	0.202	0.096	0.101	2.104	2.000	7.32E-02
NFATC4	1.71E-02	0.149	1.70E-03	0.206	4.19E-73	0.818	4.20E-70	0.800	0.184	0.122	0.033	1.508	5.576	7.32E-02
THRB	2.86E-07	0.352	4.67E-10	0.431	2.64E-14	0.341	1.08E-14	0.346	0.411	0.130	0.194	3.162	2.119	8.76E-02
GTF3A	5.58E-09	0.402	9.29E-08	0.367	4.31E-31	0.523	1.54E-24	0.460	0.399	0.470	0.281	0.849	1.420	9.96E-02
IKZF4	7.67E-05	0.267	1.35E-03	0.211	6.29E-78	0.845	1.44E-107	0.809	0.123	0.061	0.071	2.016	1.732	1.36E-01
SMAD3	1.16E-04	0.259	5.40E-04	0.230	2.93E-43	0.623	8.80E-38	0.580	0.319	0.296	0.197	1.078	1.619	1.40E-01
KLF5	4.63E-11	0.456	5.14E-11	0.455	1.14E-41	0.611	1.34E-28	0.500	0.129	0.104	0.378	1.240	0.341	1.50E-01
NFIA	6.07E-04	0.228	3.72E-04	0.238	1.89E-25	0.469	7.73E-22	0.432	0.822	0.643	0.519	1.278	1.584	1.82E-01
NACC1	7.85E-06	0.304	7.11E-06	0.302	2.84E-31	0.524	2.07E-33	0.501	0.110	0.078	0.076	1.410	1.447	2.15E-01
SREBF1	1.72E-06	0.327	3.08E-04	0.241	2.96E-29	0.506	5.21E-20	0.412	0.221	0.191	0.121	1.157	1.826	2.18E-01
FOXO3	4.77E-04	0.233	2.79E-03	0.195	4.90E-40	0.598	8.90E-33	0.538	0.828	0.617	0.382	1.342	2.168	2.18E-01
MEF2C	7.74E-10	0.425	5.44E-08	0.374	8.03E-20	0.410	3.13E-17	0.379	0.282	0.165	0.271	1.709	1.041	2.82E-01
RLF	7.85E-06	0.304	1.98E-05	0.289	1.60E-12	0.316	3.46E-09	0.261	0.436	0.304	0.194	1.434	2.247	3.07E-01
NFIL3	8.38E-09	0.397	1.52E-11	0.468	1.08E-18	0.396	2.53E-20	0.415	0.233	0.252	0.126	0.925	1.849	3.60E-01
ZFHX3	1.57E-03	0.208	9.07E-03	0.166	2.65E-60	0.740	1.35E-49	0.637	0.632	0.383	0.300	1.650	2.107	4.44E-01
PGR	3.18E-04	0.241	1.33E-08	0.392	3.99E-20	0.413	2.65E-45	0.638	0.337	0.391	0.016	0.862	21.063	5.33E-01
CLOCK	2.60E-08	0.384	8.51E-07	0.337	1.06E-14	0.346	1.92E-06	0.209	0.294	0.243	0.218	1.210	1.349	6.93E-01
ATF5	2.35E-06	0.322	1.13E-03	0.215	1.08E-34	0.554	9.73E-14	0.333	0.190	0.183	0.084	1.038	2.262	9.45E-01
CEBPB	1.76E-04	0.252	6.36E-03	0.176	2.94E-35	0.559	3.48E-27	0.486	0.736	0.687	0.557	1.071	1.321	9.45E-01
CEBPG	2.22E-03	0.200	2.35E-03	0.199	8.98E-21	0.420	5.62E-20	0.411	0.221	0.148	0.182	1.493	1.214	9.45E-01
MECOM	2.81E-12	0.485	3.20E-08	0.381	2.91E-09	0.264	1.88E-05	0.187	0.160	0.078	0.415	2.051	0.386	9.86E-01
NFKBIZ	4.08E-09	0.406	5.50E-10	0.419	1.52E-03	0.134	3.55E-05	0.176	0.706	0.452	0.464	1.562	1.522	9.86E-01
YBX1	1.25E-13	0.516	6.08E-03	0.177	2.56E-15	0.355	2.22E-17	0.381	0.767	0.757	0.696	1.013	1.102	1.00E+00
CREB5	9.70E-12	0.473	2.02E-05	0.289	2.60E-17	0.380	4.01E-22	0.431	0.129	0.322	0.098	0.401	1.316	1.00E+00
AR	2.75E-07	0.353	5.44E-05	0.273	2.76E-13	0.327	6.16E-06	0.198	0.202	0.348	0.056	0.580	3.607	1.00E+00
NFAT5	4.29E-07	0.347	1.95E-03	0.203	5.44E-18	0.388	5.16E-04	0.149	0.607	0.478	0.375	1.270	1.619	1.00E+00
HES1	8.29E-07	0.338	3.91E-03	0.187	1.57E-55	0.709	5.46E-40	0.597	0.331	0.287	0.324	1.153	1.022	1.00E+00
MTF1	1.92E-06	0.325	7.63E-05	0.267	1.39E-10	0.286	3.84E-11	0.295	0.129	0.087	0.085	1.483	1.518	1.00E+00
KLF6	8.82E-06	0.302	7.59E-04	0.223	4.78E-09	0.260	2.38E-06	0.207	0.865	0.704	0.617	1.229	1.402	1.00E+00
RFX2	1.01E-05	0.300	3.99E-04	0.236	2.23E-09	0.266	1.56E-02	0.098	0.178	0.165	0.188	1.079	0.947	1.00E+00
CREB1	2.73E-05	0.284	4.66E-04	0.233	1.79E-12	0.315	2.20E-09	0.266	0.313	0.330	0.203	0.948	1.542	1.00E+00
RFX3	3.90E-05	0.278	2.25E-02	0.141	1.35E-18	0.395	1.94E-04	0.161	0.270	0.278	0.232	0.971	1.164	1.00E+00
NFIB	1.16E-04	0.259	1.31E-04	0.257	4.70E-09	0.260	8.64E-06	0.195	0.540	0.374	0.473	1.444	1.142	1.00E+00
KAT2B	1.18E-04	0.259	8.31E-03	0.169	5.02E-29	0.504	8.77E-31	0.518	0.153	0.061	0.097	2.508	1.577	1.00E+00
ARID1B	1.86E-04	0.251	1.27E-04	0.221	5.78E-06	0.199	3.69E-07	0.178	0.589	0.591	0.417	0.997	1.412	1.00E+00
NCOA6	2.08E-04	0.249	1.59E-04	0.250	3.47E-08	0.244	1.03E-09	0.265	0.258	0.191	0.188	1.351	1.372	1.00E+00
ELK4	2.09E-04	0.249	7.75E-04	0.223	1.25E-08	0.253	2.90E-07	0.226	0.123	0.165	0.149	0.745	0.826	1.00E+00
BCLAF1	3.20E-04	0.241	1.87E-03	0.204	5.32E-18	0.388	6.59E-06	0.197	0.748	0.522	0.433	1.433	1.727	1.00E+00
MAFB	4.52E-04	0.234	8.89E-04	0.220	3.24E-14	0.340	1.30E-11	0.302	0.209	0.322	0.172	0.649	1.215	1.00E+00
ZEB1	4.72E-04	0.233	3.34E-03	0.191	2.66E-16	0.367	1.15E-13	0.332	0.466	0.461	0.153	1.011	3.046	1.00E+00
MXD1	7.04E-04	0.225	2.64E-05	0.285	3.64E-03	0.122	3.10E-11	0.296	0.270	0.226	0.077	1.195	3.506	1.00E+00
TFAM	1.03E-03	0.217	5.90E-03	0.177	5.46E-03	0.115	4.39E-02	0.077	0.252	0.191	0.186	1.319	1.355	1.00E+00
KLF4	1.06E-03	0.217	3.59E-03	0.189	3.24E-05	0.181	1.28E-03	0.137	0.325	0.339	0.353	0.959	0.921	1.00E+00
ARNT	1.33E-03	0.212	1.08E-02	0.162	1.51E-22	0.440	6.23E-26	0.474	0.472	0.270	0.149	1.748	3.168	1.00E+00
HOXD10	1.51E-03	0.209	4.03E-03	0.169	1.36E-11	0.302	6.06E-15	0.264	0.423	0.209	0.001	2.024	423.000	1.00E+00
HSF2	2.02E-03	0.203	6.66E-03	0.174	3.59E-08	0.244	1.06E-07	0.235	0.172	0.078	0.081	2.205	2.123	1.00E+00
KLF7	2.10E-03	0.202	3.50E-02	0.128	3.70E-09	0.262	2.23E-03	0.129	0.362	0.217	0.197	1.668	1.838	1.00E+00
ZNF699	2.94E-03	0.194	3.45E-03	0.190	3.31E-13	0.326	1.45E-11	0.301	0.141	0.052	0.024	2.712	5.875	1.00E+00
ID3	3.06E-03	0.193	3.22E-02	0.130	9.51E-15	0.347	5.35E-20	0.412	0.497	0.417	0.446	1.192	1.114	1.00E+00
ABL1	3.33E-03	0.191	1.90E-03	0.204	2.48E-13	0.327	9.59E-24	0.452	0.350	0.357	0.216	0.980	1.620	1.00E+00
BHLHE40	5.30E-03	0.180	2.16E-03	0.201	1.10E-14	0.346	1.50E-05	0.189	0.693	0.435	0.317	1.593	2.186	1.00E+00
ATF3	5.44E-03	0.179	8.21E-03	0.169	6.38E-05	0.174	8.61E-04	0.142	0.644	0.461	0.333	1.397	1.934	1.00E+00
RORA	5.71E-03	0.178	1.99E-03	0.203	2.93E-45	0.638	3.18E-40	0.599	0.423	0.443	0.300	0.955	1.410	1.00E+00
NR3C2	7.37E-03	0.172	3.36E-08	0.380	2.70E-27	0.488	3.83E-34	0.550	0.184	0.096	0.215	1.917	0.856	1.00E+00
XBP1	7.84E-03	0.170	1.22E-02	0.158	2.89E-13	0.327	2.87E-08	0.246	0.687	0.557	0.583	1.233	1.178	1.00E+00
MAFF	7.94E-03	0.170	1.54E-02	0.152	7.18E-08	0.238	7.00E-06	0.197	0.564	0.365	0.266	1.545	2.120	1.00E+00
ESR1	8.25E-03	0.169	1.82E-02	0.148	6.69E-48	0.657	3.95E-24	0.456	0.675	0.635	0.047	1.063	14.362	1.00E+00
ATF6	1.05E-02	0.163	7.54E-03	0.171	2.16E-08	0.248	7.63E-04	0.144	0.362	0.330	0.353	1.097	1.025	1.00E+00
MNT	1.55E-02	0.152	2.16E-02	0.140	1.76E-15	0.357	1.02E-06	0.209	0.147	0.122	0.062	1.205	2.371	1.00E+00
E2F4	1.74E-02	0.149	2.74E-02	0.135	1.28E-06	0.213	2.86E-07	0.227	0.221	0.165	0.161	1.339	1.373	1.00E+00
FOSB	2.13E-02	0.143	2.05E-02	0.144	1.68E-04	0.162	1.24E-02	0.102	0.583	0.365	0.431	1.597	1.353	1.00E+00
PPARGC1B	2.23E-02	0.142	6.07E-03	0.116	7.63E-04	0.144	6.55E-06	0.108	0.227	0.165	0.040	1.376	5.675	1.00E+00
DMTF1	2.28E-02	0.141	6.70E-03	0.174	4.19E-04	0.151	1.34E-04	0.165	0.282	0.174	0.206	1.621	1.369	1.00E+00
RUNX1	2.74E-02	0.135	1.58E-02	0.151	3.93E-20	0.413	1.05E-17	0.385	0.331	0.504	0.344	0.657	0.962	1.00E+00
STAT2	3.30E-02	0.130	2.50E-02	0.138	2.90E-05	0.182	3.70E-04	0.153	0.362	0.330	0.136	1.097	2.662	1.00E+00
