p_val	avg_log2FC	pct.1	pct.2	p_val_adj	symbol	pct.fc
ENSG00000106772	1.73697209238134e-28	-1.31595393275198	0.278	0.92	5.60764070304393e-24	PRUNE2	0.302173913043478
ENSG00000077943	2.27855345761024e-28	-1.45978477411433	0.215	0.853	7.3560819825489e-24	ITGA8	0.252051582649472
ENSG00000069702	1.88828784633274e-27	-1.07732117036602	0.171	0.81	6.09614848310062e-23	TGFBR3	0.211111111111111
ENSG00000147526	8.49317407262899e-27	-1.06306046407198	0.332	0.969	2.74193631760754e-22	TACC1	0.342621259029928
ENSG00000163395	1.45434307704146e-25	-1.23529635206958	0.171	0.748	4.69520118992066e-21	IGFN1	0.228609625668449
ENSG00000050405	1.93575000177944e-24	-0.915583642550265	0.239	0.865	6.24937530574474e-20	LIMA1	0.276300578034682
ENSG00000168542	3.3540101943585e-24	-1.0725636225339	0.259	0.853	1.0828086511467e-19	COL3A1	0.303634232121923
ENSG00000177606	1.6567533046935e-23	-1.69477171969617	0.322	0.84	5.3486623688725e-19	JUN	0.383333333333333
ENSG00000132561	4.84130966388694e-23	-0.939972718977051	0.278	0.859	1.56296841188926e-18	MATN2	0.323632130384168
ENSG00000181722	5.40737840665781e-23	-1.17923379669213	0.259	0.877	1.74571804480541e-18	ZBTB20	0.295324971493729
ENSG00000251562	7.50804558381145e-23	-1.08466408510168	0.829	1	2.42389743627769e-18	MALAT1	0.829
ENSG00000163110	7.56613723649416e-23	-1.04041806422622	0.273	0.89	2.44265174542977e-18	PDLIM5	0.306741573033708
ENSG00000174705	1.00862126196359e-22	-0.942580123093514	0.322	0.933	3.25623288212324e-18	SH3PXD2B	0.345123258306538
ENSG00000134871	1.10785179905894e-22	-0.722711096029252	0.288	0.933	3.57658874808189e-18	COL4A2	0.308681672025723
ENSG00000108821	2.35587810190308e-22	-1.43274699126597	0.254	0.779	7.60571686418389e-18	COL1A1	0.326059050064185
ENSG00000154175	2.75778792133495e-22	-1.19119055502685	0.156	0.706	8.90324252523776e-18	ABI3BP	0.220963172804533
ENSG00000169851	3.303304826395e-22	-1.39400610952314	0.22	0.798	1.06643893015336e-17	PCDH7	0.275689223057644
ENSG00000150995	5.33898935811571e-22	-1.02370312632085	0.234	0.822	1.72363932437408e-17	ITPR1	0.284671532846715
ENSG00000139211	7.29341752478727e-22	-0.669275875103917	0.088	0.577	2.35460691370232e-17	AMIGO2	0.152512998266898
ENSG00000154734	7.89441324167578e-22	-0.915872418981646	0.19	0.736	2.54863237094261e-17	ADAMTS1	0.258152173913043
ENSG00000131016	8.27006651291205e-22	-0.739718490945807	0.215	0.816	2.66990827302853e-17	AKAP12	0.263480392156863
ENSG00000204262	8.7765384096376e-22	-0.640256929386385	0.098	0.607	2.8334176601674e-17	COL5A2	0.161449752883031
ENSG00000142192	9.19193587791976e-22	-1.1428536303692	0.42	0.939	2.96752457882762e-17	APP	0.447284345047923
ENSG00000269821	1.22906967731897e-21	-1.04566912430199	0.224	0.785	3.96792854625658e-17	KCNQ1OT1	0.285350318471338
ENSG00000163939	1.70921672316394e-21	-0.591036335137353	0.229	0.822	5.51803526906248e-17	PBRM1	0.278588807785888
ENSG00000142871	1.73339846089206e-21	-0.967332240975808	0.293	0.865	5.59610359114391e-17	CCN1	0.338728323699422
ENSG00000138061	2.87895436878004e-21	-0.947675725214901	0.205	0.755	9.29441628416947e-17	CYP1B1	0.271523178807947
ENSG00000139146	3.19122927455265e-21	-0.866904159253653	0.259	0.853	1.03025645899658e-16	SINHCAF	0.303634232121923
ENSG00000187955	5.2520308451702e-21	-1.03916523603712	0.161	0.681	1.69556563805475e-16	COL14A1	0.236417033773862
ENSG00000164949	5.56901667098169e-21	-1.32382039359682	0.259	0.804	1.79790134205973e-16	GEM	0.322139303482587
ENSG00000151692	6.3735679110684e-21	-0.900560008596565	0.161	0.699	2.05764266440932e-16	RNF144A	0.23032904148784
ENSG00000134138	6.80402020407554e-21	-0.916864239944899	0.322	0.939	2.19660988268375e-16	MEIS2	0.342917997870075
ENSG00000137558	1.00640133050096e-20	-0.87955682660957	0.117	0.601	3.24906605538931e-16	PI15	0.194675540765391
ENSG00000186340	1.05101073351847e-20	-0.764417596593405	0.215	0.742	3.39308305209103e-16	THBS2	0.289757412398922
ENSG00000245532	1.10862890681714e-20	-0.700423195134559	0.41	1	3.57909756276845e-16	NEAT1	0.41
ENSG00000163359	1.13071199626644e-20	-0.673574197982122	0.273	0.871	3.65039060874659e-16	COL6A3	0.313432835820896
ENSG00000134294	1.21051499572463e-20	-1.07766897511459	0.288	0.871	3.90802661219741e-16	SLC38A2	0.330654420206659
ENSG00000085224	1.2256196891565e-20	-0.688084273864591	0.268	0.902	3.95679060447284e-16	ATRX	0.297117516629712
ENSG00000121440	2.09585814136691e-20	-1.1572457550353	0.278	0.847	6.76626842358893e-16	PDZRN3	0.328217237308146
ENSG00000157227	2.36503411461508e-20	-0.636873561499005	0.102	0.595	7.63527613562331e-16	MMP14	0.171428571428571
ENSG00000067715	2.38071514715505e-20	-0.968461564667551	0.117	0.626	7.68590078107537e-16	SYT1	0.186900958466454
ENSG00000164692	3.18207049121116e-20	-1.19360800021093	0.38	0.877	1.02729963738261e-15	COL1A2	0.433295324971494
ENSG00000067082	3.26768387493662e-20	-0.918181271695963	0.346	0.865	1.05493906218454e-15	KLF6	0.4
ENSG00000067113	4.83141786162322e-20	-0.799388205969239	0.278	0.847	1.55977494244644e-15	PLPP1	0.328217237308146
ENSG00000113494	5.0851196414951e-20	-0.922989493766915	0.117	0.601	1.64168002506028e-15	PRLR	0.194675540765391
ENSG00000122786	5.11341504587813e-20	-0.777416290990822	0.722	1	1.65081491341129e-15	CALD1	0.722
ENSG00000035862	5.11900626079472e-20	-0.939110262213861	0.288	0.816	1.65261998123497e-15	TIMP2	0.352941176470588
ENSG00000133392	6.23430347998186e-20	-0.804360888721939	0.556	0.988	2.01268253547734e-15	MYH11	0.562753036437247
ENSG00000170345	6.79768650142147e-20	-1.81725472937943	0.351	0.81	2.19456511011891e-15	FOS	0.433333333333333
ENSG00000142173	8.97773478267777e-20	-0.960160197994531	0.302	0.828	2.89837189723969e-15	COL6A2	0.364734299516908
ENSG00000119139	9.02025200867489e-20	-0.709164787874732	0.19	0.712	2.9120981584806e-15	TJP2	0.26685393258427
ENSG00000134313	9.14548517675219e-20	-0.670648940682585	0.2	0.748	2.95252843446268e-15	KIDINS220	0.267379679144385
ENSG00000120738	1.6386230828386e-19	-1.39700889567717	0.278	0.773	5.29013076063614e-15	EGR1	0.359637774902975
ENSG00000118689	2.01954287573329e-19	-0.939497580082652	0.249	0.828	6.51989222001737e-15	FOXO3	0.300724637681159
ENSG00000196376	3.39394954645482e-19	-1.28042630500536	0.127	0.607	1.09570267157747e-14	SLC35F1	0.209225700164745
ENSG00000172403	4.06129524747086e-19	-0.891839067794957	0.4	0.939	1.31114855769349e-14	SYNPO2	0.425985090521832
ENSG00000087245	4.7098338195369e-19	-1.65802545703577	0.283	0.748	1.52052275029929e-14	MMP2	0.378342245989305
ENSG00000144619	4.84685965261918e-19	-1.20008686102029	0.098	0.552	1.56476017025158e-14	CNTN4	0.177536231884058
ENSG00000162599	5.47058049541935e-19	-1.00895546894201	0.263	0.822	1.76612220714118e-14	NFIA	0.319951338199513
ENSG00000149212	6.28545953338106e-19	-0.63772981052185	0.127	0.613	2.02919775575674e-14	SESN3	0.207177814029364
ENSG00000197256	6.79114294742352e-19	-0.759936692518202	0.337	0.877	2.19245258914621e-14	KANK2	0.384264538198404
ENSG00000187098	7.06703202567393e-19	-0.791534497571443	0.268	0.859	2.28152061916857e-14	MITF	0.311990686845169
ENSG00000106624	7.11960534276818e-19	-1.06995865344978	0.376	0.859	2.29849338885928e-14	AEBP1	0.437718277066356
ENSG00000145390	7.30845613801311e-19	-1.04511079596418	0.332	0.92	2.35946197959615e-14	USP53	0.360869565217391
ENSG00000175066	8.44167634983091e-19	-0.654712817422777	0.19	0.712	2.72531079277941e-14	GK5	0.26685393258427
ENSG00000125676	1.06697008798665e-18	-0.674460861043205	0.185	0.712	3.4446062320561e-14	THOC2	0.259831460674157
ENSG00000137331	1.21016333727259e-18	-1.2797977448886	0.195	0.675	3.90689131805083e-14	IER3	0.288888888888889
ENSG00000133026	1.36397453848617e-18	-0.595062169159595	0.185	0.712	4.40345540004874e-14	MYH10	0.259831460674157
ENSG00000144802	1.62029777334836e-18	-0.845914854342229	0.2	0.706	5.23096933147786e-14	NFKBIZ	0.28328611898017
ENSG00000125844	1.69313612393581e-18	-0.589800313447067	0.171	0.675	5.46612066251437e-14	RRBP1	0.253333333333333
ENSG00000173068	1.91170961665903e-18	-1.3305546115691	0.22	0.712	6.17176332642202e-14	BNC2	0.308988764044944
ENSG00000071242	2.1494068771315e-18	-0.657367744349048	0.19	0.706	6.93914516213134e-14	RPS6KA2	0.269121813031162
ENSG00000138449	2.33770858925532e-18	-0.647849140908924	0.263	0.847	7.54705840955187e-14	SLC40A1	0.310507674144038
ENSG00000249669	2.41904621311817e-18	-1.12182755775217	0.283	0.816	7.8096487944307e-14	CARMN	0.346813725490196
ENSG00000004846	2.86631445459008e-18	-0.89191121209479	0.132	0.601	9.25360958519861e-14	ABCB5	0.219633943427621
ENSG00000129422	2.96825127826135e-18	-0.604875012538923	0.171	0.687	9.58270242673895e-14	MTUS1	0.248908296943231
ENSG00000134107	3.44961617252804e-18	-0.698571311794463	0.185	0.693	1.11367408513895e-13	BHLHE40	0.266955266955267
ENSG00000127603	5.21297568554002e-18	-0.785444214064118	0.307	0.877	1.68295707031974e-13	MACF1	0.350057012542759
ENSG00000156804	9.25655362079972e-18	-0.883490549503172	0.366	0.92	2.98838577093898e-13	FBXO32	0.397826086956522
ENSG00000101871	9.37756977995095e-18	-1.09812557654257	0.156	0.632	3.02745462775936e-13	MID1	0.246835443037975
ENSG00000138448	9.69541979360925e-18	-0.750528767882009	0.239	0.755	3.13006932616881e-13	ITGAV	0.316556291390728
ENSG00000101849	1.08192723643073e-17	-0.871640096913866	0.166	0.656	3.49289389009297e-13	TBL1X	0.253048780487805
ENSG00000163297	1.12377323861034e-17	-0.845116573558371	0.317	0.89	3.62798952352962e-13	ANTXR2	0.356179775280899
ENSG00000149257	1.15287402762906e-17	-0.692664204293722	0.107	0.534	3.72193851079766e-13	SERPINH1	0.200374531835206
ENSG00000053254	1.43171405070613e-17	-0.906741390418038	0.21	0.73	4.62214564129968e-13	FOXN3	0.287671232876712
ENSG00000067141	1.49888111586398e-17	-0.668842306065712	0.127	0.589	4.83898779445528e-13	NEO1	0.215619694397284
ENSG00000129116	1.50644251069196e-17	-0.974258684765521	0.634	0.994	4.86339900151793e-13	PALLD	0.637826961770624
ENSG00000177311	1.84522248423817e-17	-0.654564812878345	0.229	0.712	5.9571162681145e-13	ZBTB38	0.321629213483146
ENSG00000003989	1.85344618027936e-17	-0.649036779014996	0.171	0.656	5.98366564841389e-13	SLC7A2	0.260670731707317
ENSG00000009413	1.9071046494162e-17	-0.886153406170137	0.293	0.804	6.15689665017525e-13	REV3L	0.364427860696517
ENSG00000168172	2.08768567351792e-17	-0.638665852140612	0.249	0.761	6.73988442838524e-13	HOOK3	0.327201051248357
ENSG00000150593	2.55400920862513e-17	-0.819748067357047	0.254	0.785	8.24536332912538e-13	PDCD4	0.323566878980892
ENSG00000162434	3.02473104507376e-17	-0.601509395992259	0.337	0.92	9.76504170591613e-13	JAK1	0.366304347826087
ENSG00000182670	3.49274985697934e-17	-0.609567117963305	0.278	0.816	1.12759936382721e-12	TTC3	0.340686274509804
ENSG00000120129	4.25001274819456e-17	-1.18696852407833	0.405	0.834	1.37207411562713e-12	DUSP1	0.485611510791367
ENSG00000040933	4.96383203813973e-17	-1.03522513500819	0.117	0.534	1.60252353519303e-12	INPP4A	0.219101123595506
ENSG00000167772	5.21269083087081e-17	-0.802496081854579	0.102	0.509	1.68286510783833e-12	ANGPTL4	0.200392927308448
ENSG00000173482	5.27068790107162e-17	-0.774486769511445	0.229	0.767	1.70158888198196e-12	PTPRM	0.298565840938722
ENSG00000077157	5.628358992682e-17	-0.729686425524897	0.273	0.834	1.81705941719746e-12	PPP1R12B	0.327338129496403
ENSG00000140285	6.1334894584248e-17	-0.759181135570302	0.302	0.859	1.98013573675786e-12	FGF7	0.351571594877765
ENSG00000143153	6.29773620635641e-17	-0.751743757841983	0.346	0.871	2.03316115686010e-12	ATP1B1	0.397244546498278
ENSG00000124942	8.46306884390063e-17	-0.671047755724952	0.259	0.748	2.73221714556488e-12	AHNAK	0.346256684491979
ENSG00000154380	8.55490380083025e-17	-0.787346341781599	0.346	0.914	2.76186514306004e-12	ENAH	0.37855579868709
ENSG00000169744	8.65353523235668e-17	-0.708981165203902	0.22	0.761	2.79370731441403e-12	LDB2	0.289093298291721
ENSG00000087074	8.68986282301063e-17	-0.960652344981444	0.195	0.656	2.80543531378075e-12	PPP1R15A	0.297256097560976
ENSG00000103994	9.54714955276374e-17	-0.936324651985303	0.366	0.847	3.08220176161425e-12	ZNF106	0.43211334120425
ENSG00000123358	1.00261844761449e-16	-0.804417798838055	0.239	0.712	3.23685339627861e-12	NR4A1	0.335674157303371
ENSG00000052126	1.12629861740377e-16	-0.710099809989114	0.19	0.687	3.63614245642633e-12	PLEKHA5	0.276564774381368
ENSG00000134533	1.44952723989131e-16	-0.891449880383367	0.249	0.761	4.6796537412651e-12	RERG	0.327201051248357
ENSG00000113742	1.46236078814103e-16	-0.742862162253357	0.22	0.73	4.72108556843452e-12	CPEB4	0.301369863013699
ENSG00000198162	1.5783701648542e-16	-0.783179725915955	0.259	0.761	5.09561024021531e-12	MAN1A2	0.340341655716163
ENSG00000127481	1.68066367488865e-16	-0.686176050241394	0.195	0.675	5.42585460801051e-12	UBR4	0.288888888888889
ENSG00000077942	1.98006600520645e-16	-0.660855590260598	0.337	0.847	6.3924450912085e-12	FBLN1	0.397874852420307
ENSG00000048052	2.18417432523816e-16	-1.18047000529839	0.268	0.785	7.05138839159888e-12	HDAC9	0.34140127388535
ENSG00000109339	3.26336343276808e-16	-0.847062618642423	0.19	0.663	1.05354425063485e-11	MAPK10	0.28657616892911
ENSG00000143776	3.85245811779533e-16	-0.823909066020489	0.215	0.681	1.24372757874904e-11	CDC42BPA	0.315712187958884
ENSG00000164188	4.46891252754665e-16	-0.970576213062685	0.156	0.601	1.44274372039316e-11	RANBP3L	0.259567387687188
ENSG00000114861	5.0861768179536e-16	-0.820063150554214	0.307	0.859	1.64202132390814e-11	FOXP1	0.357392316647264
ENSG00000109099	5.80755725154016e-16	-0.594143095838418	0.244	0.755	1.87491178308722e-11	PMP22	0.32317880794702
ENSG00000123146	7.87311050022396e-16	-0.600579011007397	0.156	0.607	2.5417549938923e-11	ADGRE5	0.257001647446458
ENSG00000151914	7.91500349149981e-16	-0.614602792166533	0.41	0.963	2.5552797271958e-11	DST	0.425752855659398
ENSG00000197971	1.10731434673379e-15	-0.644763703879183	0.332	0.896	3.57485363699538e-11	MBP	0.370535714285714
ENSG00000176658	1.1082198244221e-15	-0.655382892720833	0.21	0.693	3.5777768811643e-11	MYO1D	0.303030303030303
ENSG00000122257	1.41681238581245e-15	-0.615919583932389	0.215	0.699	4.5740371063569e-11	RBBP6	0.30758226037196
ENSG00000171681	1.44763069698526e-15	-0.609592842617955	0.151	0.583	4.67353094214723e-11	ATF7IP	0.259005145797599
ENSG00000164684	1.48309086065621e-15	-0.813409680301828	0.102	0.497	4.78801053454251e-11	ZNF704	0.20523138832998
ENSG00000100490	1.53024688898119e-15	-0.672910787125226	0.161	0.607	4.94024905638689e-11	CDKL1	0.265238879736409
ENSG00000090339	1.96381436822744e-15	-0.756427501779823	0.117	0.509	6.33997830638548e-11	ICAM1	0.229862475442043
ENSG00000118526	2.34147283867212e-15	-0.978751026235379	0.273	0.724	7.55921091236906e-11	TCF21	0.37707182320442
ENSG00000137809	2.41330763772046e-15	-0.605153946205568	0.171	0.632	7.79112237761674e-11	ITGA11	0.270569620253165
ENSG00000182621	2.42415678540258e-15	-0.670017120748132	0.166	0.607	7.82614776599367e-11	PLCB1	0.273476112026359
ENSG00000100592	2.45530922805807e-15	-0.690252714340732	0.273	0.779	7.92672031186269e-11	DAAM1	0.350449293966624
ENSG00000184347	2.85471317438992e-15	-0.946559478709809	0.156	0.571	9.21615601220041e-11	SLIT3	0.273204903677758
ENSG00000177990	3.21796570279939e-15	-1.07573251006973	0.171	0.589	1.03888804749175e-10	DPY19L2	0.290322580645161
ENSG00000134352	4.01372720701144e-15	-0.680461450359273	0.254	0.748	1.29579169151157e-10	IL6ST	0.339572192513369
ENSG00000166148	4.10826572931998e-15	-0.612472136082686	0.107	0.497	1.32631250805366e-10	AVPR1A	0.215291750503018
ENSG00000182185	4.87484611955244e-15	-1.79616896940493	0.244	0.699	1.57379532123631e-10	RAD51B	0.349070100143062
ENSG00000111799	5.31327397037687e-15	-0.78148526136906	0.122	0.515	1.71533736859647e-10	COL12A1	0.236893203883495
ENSG00000156113	5.72192390193722e-15	-0.629034964188525	0.273	0.767	1.84726591250141e-10	KCNMA1	0.355932203389831
ENSG00000177425	5.87307594552461e-15	-0.588881357007646	0.317	0.853	1.89606383825317e-10	PAWR	0.371629542790152
ENSG00000185664	6.27958311166851e-15	-1.04048330769546	0.322	0.755	2.02730061177106e-10	PMEL	0.426490066225166
ENSG00000109906	7.14434503667806e-15	-0.768529179975597	0.312	0.847	2.30648035164114e-10	ZBTB16	0.368358913813459
ENSG00000125740	8.11564100214159e-15	-1.12607702849233	0.176	0.583	2.62005354113139e-10	FOSB	0.30188679245283
ENSG00000136235	8.39010860902482e-15	-0.72540207551326	0.38	0.865	2.70866266333757e-10	GPNMB	0.439306358381503
ENSG00000152413	8.39247471616071e-15	-0.593092497113408	0.146	0.564	2.70942653736532e-10	HOMER1	0.25886524822695
ENSG00000173334	9.18091204235913e-15	-0.699951992131529	0.117	0.503	2.96396564375522e-10	TRIB1	0.232604373757455
ENSG00000128016	9.67404886871508e-15	-1.44317147097163	0.429	0.816	3.12316993677598e-10	ZFP36	0.525735294117647
ENSG00000091039	1.02365768375201e-14	-0.706343456930675	0.395	0.92	3.30477646622499e-10	OSBPL8	0.429347826086957
ENSG00000090905	1.41376661480341e-14	-0.748995689544522	0.249	0.724	4.56420413923134e-10	TNRC6A	0.343922651933702
ENSG00000185650	1.47357728532408e-14	-0.837271012179917	0.449	0.914	4.75729690794025e-10	ZFP36L1	0.491247264770241
ENSG00000186314	1.49289647066913e-14	-1.02689613267092	0.21	0.656	4.81966696590822e-10	PRELID2	0.320121951219512
ENSG00000196782	1.61327323696588e-14	-1.28509469981862	0.102	0.466	5.20829131822064e-10	MAML3	0.218884120171674
ENSG00000183023	1.6477178173716e-14	-1.38159932574811	0.302	0.779	5.31949220160249e-10	SLC8A1	0.387676508344031
ENSG00000031003	1.68870508401241e-14	-0.610011017738712	0.166	0.589	5.45181549322565e-10	FAM13B	0.281833616298812
ENSG00000168066	1.72313248212392e-14	-0.604494937581657	0.259	0.742	5.56296090528888e-10	SF1	0.349056603773585
ENSG00000160888	2.06035623638139e-14	-1.07089464826512	0.278	0.718	6.65165407353368e-10	IER2	0.387186629526462
ENSG00000159388	2.08222765884411e-14	-0.677807008629672	0.254	0.736	6.72226377381231e-10	BTG2	0.345108695652174
ENSG00000091831	2.12343320525275e-14	-0.761125756708772	0.224	0.675	6.85529175983798e-10	ESR1	0.331851851851852
ENSG00000135931	2.36595132580502e-14	-0.960517787323692	0.215	0.656	7.63823726022894e-10	ARMC9	0.327743902439024
ENSG00000142156	2.50345751920934e-14	-0.660788729781433	0.293	0.773	8.08216225501544e-10	COL6A1	0.379042690815006
ENSG00000100345	2.54592437565323e-14	-0.622852919705588	0.385	0.914	8.21926225435888e-10	MYH9	0.421225382932166
ENSG00000146374	2.74165524491663e-14	-0.815419237792053	0.22	0.656	8.85115979268885e-10	RSPO3	0.335365853658537
ENSG00000228253	2.86947183579499e-14	-1.20080580610333	0.21	0.601	9.26380287468055e-10	MT-ATP8	0.349417637271215
ENSG00000167081	2.93609096200239e-14	-0.791636589534348	0.156	0.564	9.47887606172851e-10	PBX3	0.276595744680851
ENSG00000171223	3.13276970253459e-14	-1.03491411040854	0.4	0.798	1.01138337076627e-09	JUNB	0.50125313283208
ENSG00000162772	3.66350695989713e-14	-1.03225288943439	0.229	0.644	1.18272658693319e-09	ATF3	0.355590062111801
ENSG00000165434	3.84039476557702e-14	-0.621815587033598	0.127	0.521	1.23983304611888e-09	PGM2L1	0.243761996161228
ENSG00000083544	5.48238810494942e-14	-0.675181712640441	0.249	0.712	1.76993417580187e-09	TDRD3	0.349719101123595
ENSG00000126777	5.74300032917166e-14	-0.658079615644955	0.429	0.933	1.85407022626978e-09	KTN1	0.459807073954984
ENSG00000231817	7.45836612518356e-14	-0.597464699691205	0.088	0.442	2.40785891985426e-09	LINC01198	0.199095022624434
ENSG00000213949	8.85628545247401e-14	-1.12990705832457	0.176	0.583	2.85916319547671e-09	ITGA1	0.30188679245283
ENSG00000130203	1.13514105557282e-13	-1.1640231654645	0.459	0.828	3.66468938381128e-09	APOE	0.554347826086957
ENSG00000079102	1.32649021404366e-13	-0.926178758656018	0.078	0.405	4.28244100701856e-09	RUNX1T1	0.192592592592593
ENSG00000124766	1.34545132504233e-13	-0.703485662999381	0.215	0.65	4.34365505776667e-09	SOX4	0.330769230769231
ENSG00000104517	1.36288122085486e-13	-0.677425131362331	0.2	0.638	4.39992573340783e-09	UBR5	0.313479623824451
ENSG00000136111	1.48372204429739e-13	-0.679443914591801	0.141	0.534	4.79004824780968e-09	TBC1D4	0.264044943820225
ENSG00000115504	1.74452717584532e-13	-0.788876401574322	0.176	0.583	5.63203153449903e-09	EHBP1	0.30188679245283
ENSG00000120594	2.09195892908761e-13	-0.832924774934551	0.185	0.601	6.75368020666644e-09	PLXDC2	0.307820299500832
ENSG00000204256	2.50839715401738e-13	-0.662513459245446	0.195	0.613	8.0981093720297e-09	BRD2	0.31810766721044
ENSG00000150347	2.80378565100795e-13	-0.606487539333741	0.468	0.988	9.05174159571408e-09	ARID5B	0.473684210526316
ENSG00000106483	2.80625899659817e-13	-1.88942974603027	0.185	0.546	9.05972654461752e-09	SFRP4	0.338827838827839
ENSG00000130226	3.40410795705249e-13	-0.648185330215583	0.18	0.589	1.09898221285483e-08	DPP6	0.305602716468591
ENSG00000075223	3.895828421829e-13	-0.626895113864355	0.19	0.62	1.25772924770328e-08	SEMA3C	0.306451612903226
ENSG00000153707	4.88576401862837e-13	-0.65609641159568	0.117	0.485	1.57732005577398e-08	PTPRD	0.241237113402062
ENSG00000153814	5.14256545640658e-13	-0.743017725349715	0.351	0.847	1.6602258319463e-08	JAZF1	0.414403778040142
ENSG00000116667	5.37682838450534e-13	-0.612180440654919	0.263	0.73	1.7358552756537e-08	C1orf21	0.36027397260274
ENSG00000155970	6.01098228237425e-13	-0.617804215305736	0.102	0.448	1.9405855200417e-08	MICU3	0.227678571428571
ENSG00000241956	6.332626536998e-13	-1.74667448613616	0.088	0.417	2.04442515120443e-08	AC109466.1	0.211031175059952
ENSG00000198695	6.38976564201835e-13	-1.13920808035288	0.215	0.589	2.0628719398692e-08	MT-ND6	0.365025466893039
ENSG00000138735	6.54406435176027e-13	-0.800610964331613	0.117	0.479	2.11268573532228e-08	PDE5A	0.244258872651357
ENSG00000187498	7.43907185848692e-13	-0.667343039491273	0.249	0.699	2.40162995879392e-08	COL4A1	0.356223175965665
ENSG00000165078	8.09776327033582e-13	-0.888048406822457	0.19	0.589	2.61428189419522e-08	CPA6	0.32258064516129
ENSG00000099860	8.26904131978266e-13	-0.900280173740029	0.254	0.675	2.66957729967863e-08	GADD45B	0.376296296296296
ENSG00000156687	8.99502124264667e-13	-1.57408220027818	0.122	0.466	2.90395265797605e-08	UNC5D	0.261802575107296
ENSG00000196924	9.44177500325734e-13	-0.609420846164322	0.454	0.877	3.0481826420516e-08	FLNA	0.517673888255416
ENSG00000154736	9.83642996275467e-13	-0.670730736454897	0.073	0.393	3.17559304917572e-08	ADAMTS5	0.185750636132315
ENSG00000143772	1.43371094422482e-12	-0.651864846378729	0.205	0.626	4.6285924123354e-08	ITPKB	0.327476038338658
ENSG00000198947	1.45781520990347e-12	-0.633507415793028	0.244	0.699	4.70641062365237e-08	DMD	0.349070100143062
ENSG00000117868	1.68927144958839e-12	-0.935091448530781	0.2	0.607	5.45364394785116e-08	ESYT2	0.329489291598023
ENSG00000107242	1.84701154761768e-12	-0.602740932638999	0.107	0.46	5.96289208032892e-08	PIP5K1B	0.232608695652174
ENSG00000059804	2.71547547661975e-12	-0.660290779288699	0.18	0.564	8.76664102871919e-08	SLC2A3	0.319148936170213
ENSG00000171444	3.30460539107143e-12	-0.642506205292221	0.093	0.417	1.0668588044535e-07	MCC	0.223021582733813
ENSG00000145687	4.30545656257359e-12	-0.710383506706516	0.18	0.571	1.38997359666126e-07	SSBP2	0.31523642732049
ENSG00000212907	5.80190661117031e-12	-1.23598294021446	0.322	0.687	1.87308753035022e-07	MT-ND4L	0.468704512372635
ENSG00000133083	6.17579793451167e-12	-0.894182448218839	0.068	0.362	1.99379460517775e-07	DCLK1	0.187845303867403
ENSG00000184613	8.9098230161121e-12	-0.616591207039005	0.166	0.528	2.87644726252163e-07	NELL2	0.314393939393939
ENSG00000148737	8.95521143998049e-12	-0.610896223835718	0.146	0.503	2.8911004612833e-07	TCF7L2	0.290258449304175
ENSG00000171791	9.57039876793613e-12	-0.821720380875302	0.18	0.546	3.0897075382405e-07	BCL2	0.32967032967033
ENSG00000183722	1.09564450818158e-11	-1.06011077122184	0.512	0.957	3.53717873021342e-07	LHFPL6	0.535005224660397
ENSG00000188641	1.09865740212754e-11	-0.837509845747526	0.156	0.515	3.54690555702855e-07	DPYD	0.302912621359223
ENSG00000136141	1.18189035769115e-11	-0.878286264027682	0.215	0.601	3.81561483077011e-07	LRCH1	0.357737104825291
ENSG00000115414	1.65417023994955e-11	-0.791350943705461	0.2	0.583	5.34032320265313e-07	FN1	0.343053173241853
ENSG00000008277	2.30071073041589e-11	-0.819769358768979	0.059	0.331	7.42761452207465e-07	ADAM22	0.178247734138973
ENSG00000165914	3.07822304526917e-11	-1.10719705039167	0.166	0.491	9.93773527934699e-07	TTC7B	0.338085539714868
ENSG00000163697	3.32435767207578e-11	-0.613211534712117	0.224	0.613	1.07323563085294e-06	APBB2	0.365415986949429
ENSG00000185483	3.4522758458067e-11	-0.726773672893868	0.185	0.558	1.11453273406023e-06	ROR1	0.331541218637993
ENSG00000215386	3.92851106898059e-11	-0.684379683565231	0.268	0.693	1.26828051350969e-06	MIR99AHG	0.386724386724387
ENSG00000081803	4.31646894668434e-11	-0.659887575951988	0.161	0.521	1.39352883474757e-06	CADPS2	0.309021113243762
ENSG00000115368	4.35377749125165e-11	-0.586588088662733	0.151	0.503	1.40557352527568e-06	WDR75	0.300198807157058
ENSG00000135842	6.26666426756978e-11	-0.601447550469036	0.283	0.718	2.02312989214223e-06	NIBAN1	0.394150417827298
ENSG00000152583	1.01615226628286e-10	-0.67239697729397	0.424	0.785	3.28054597646757e-06	SPARCL1	0.540127388535032
ENSG00000164587	1.54674515920347e-10	0.975578899072322	0.878	0.847	4.99351207197247e-06	RPS14	1.03659976387249
ENSG00000185532	2.18849002317663e-10	-0.69583744829507	0.205	0.571	7.06532119082344e-06	PRKG1	0.359019264448336
ENSG00000145808	2.23563265763116e-10	-0.755876156206434	0.088	0.374	7.21751647189643e-06	ADAMTS19	0.235294117647059
ENSG00000154655	2.4201866431913e-10	-0.662077256030164	0.205	0.577	7.81333055887881e-06	L3MBTL4	0.35528596187175
ENSG00000198786	2.42388829642037e-10	-0.913580216451791	0.444	0.767	7.82528097616352e-06	MT-ND5	0.578878748370274
ENSG00000165995	2.46134253361363e-10	-0.794411394146329	0.156	0.491	7.94619823551825e-06	CACNB2	0.317718940936864
ENSG00000033122	2.48980907895895e-10	-1.54430493478624	0.068	0.325	8.03809963051109e-06	LRRC7	0.209230769230769
ENSG00000083067	2.58298345898056e-10	-0.593378886798193	0.073	0.35	8.33890379897285e-06	TRPM3	0.208571428571429
ENSG00000138829	3.09797774983048e-10	-0.800281183856964	0.127	0.442	1.00015113675527e-05	FBN2	0.287330316742081
ENSG00000136942	3.24668646135162e-10	1.20974833304501	0.82	0.785	1.04816025718276e-05	RPL35	1.04458598726115
ENSG00000184557	3.55634251795442e-10	-0.647256548233195	0.224	0.558	1.1481296184964e-05	SOCS3	0.401433691756272
ENSG00000229117	3.78065972929212e-10	1.26156873742772	0.883	0.896	1.22054818700467e-05	RPL41	0.985491071428571
ENSG00000147421	4.22036847550624e-10	-0.851301481363998	0.127	0.417	1.36250375863244e-05	HMBOX1	0.304556354916067
ENSG00000117020	4.53110354357225e-10	-0.629771128524775	0.195	0.546	1.46282146800686e-05	AKT3	0.357142857142857
ENSG00000169306	4.70725620490336e-10	-1.25601301299714	0.054	0.301	1.519690593191e-05	IL1RAPL1	0.179401993355482
ENSG00000151150	4.84588287988301e-10	-0.648666904677546	0.137	0.448	1.56444482894143e-05	ANK3	0.305803571428571
ENSG00000185022	7.18084977906742e-10	-0.616030387579937	0.22	0.564	2.31826554267412e-05	MAFF	0.390070921985816
ENSG00000138639	8.65564110975238e-10	-0.942823789280192	0.141	0.442	2.79438717587246e-05	ARHGAP24	0.319004524886878
ENSG00000145431	9.38792104567372e-10	-0.614881727374269	0.117	0.417	3.0307964303853e-05	PDGFC	0.280575539568345
ENSG00000115419	9.42584368322553e-10	-0.603504930946077	0.21	0.577	3.04303937469253e-05	GLS	0.363951473136915
ENSG00000137801	1.00414327907507e-09	-0.605535201002727	0.239	0.607	3.24177616216595e-05	THBS1	0.393739703459638
ENSG00000174373	1.02703185497312e-09	-0.604439125214927	0.195	0.534	3.31566964059521e-05	RALGAPA1	0.365168539325843
ENSG00000237187	1.03419424417208e-09	-0.732326805607147	0.127	0.417	3.33879269788513e-05	NR2F1-AS1	0.304556354916067
ENSG00000272168	1.07163860870538e-09	-0.590614508490768	0.107	0.393	3.45967808434446e-05	CASC15	0.272264631043257
ENSG00000137501	1.19054011137718e-09	-0.603086974031382	0.122	0.423	3.8435396955701e-05	SYTL2	0.288416075650118
ENSG00000101333	1.43935673235224e-09	-0.725246674050404	0.107	0.387	4.64681927472597e-05	PLCB4	0.276485788113695
ENSG00000172572	1.83297293652142e-09	-1.41261665920646	0.18	0.479	5.91756982826576e-05	PDE3A	0.375782881002088
ENSG00000177103	1.83952307116166e-09	-0.694480551931187	0.015	0.202	5.93871628293831e-05	DSCAML1	0.0742574257425743
ENSG00000115738	1.94749774676593e-09	-0.60180721381342	0.376	0.748	6.28730172565912e-05	ID2	0.502673796791444
ENSG00000137154	2.19627512420148e-09	0.915525147892502	0.893	0.847	7.09045461097206e-05	RPS6	1.0543093270366
ENSG00000047648	2.41838712680788e-09	-0.846799792474066	0.146	0.442	7.80752100018658e-05	ARHGAP6	0.330316742081448
ENSG00000185305	2.91856437650389e-09	-1.01374543965202	0.112	0.38	9.42229323310517e-05	ARL15	0.294736842105263
ENSG00000149256	3.13214618573427e-09	-0.88031941061167	0.083	0.331	0.000101118207460245	TENM4	0.250755287009063
ENSG00000198727	3.22481669254799e-09	-0.884605070501359	0.615	0.847	0.000104109982102219	MT-CYB	0.726092089728453
ENSG00000183580	3.59809580126246e-09	-1.03995221556085	0.195	0.515	0.000116160924847957	FBXL7	0.378640776699029
ENSG00000100784	3.60688910168875e-09	-0.656606333951088	0.132	0.411	0.00011644480775892	RPS6KA5	0.321167883211679
ENSG00000184384	5.03359773200974e-09	-0.669610121671452	0.2	0.521	0.000162504669180203	MAML2	0.383877159309021
ENSG00000269028	5.53726366012016e-09	-0.656504125343594	0.293	0.583	0.000178765020003319	MTRNR2L12	0.502572898799314
ENSG00000271945	5.60359179722824e-09	-1.11366889337743	0.063	0.294	0.000180906357581716	AL355612.1	0.214285714285714
ENSG00000253524	5.95471884841519e-09	-0.754885780860791	0.068	0.313	0.000192242143302236	AC124290.2	0.217252396166134
ENSG00000158528	6.77474342393312e-09	-0.655044038222184	0.127	0.405	0.000218715816698257	PPP1R9A	0.31358024691358
ENSG00000143878	7.45739077993756e-09	-0.812742227086277	0.42	0.755	0.000240754403939504	RHOB	0.556291390728477
ENSG00000173273	1.04259876752685e-08	-0.605026439094168	0.151	0.436	0.000336592586108369	TNKS	0.346330275229358
ENSG00000231607	1.11209047139942e-08	-1.03113429954366	0.137	0.405	0.00035902728778659	DLEU2	0.338271604938272
ENSG00000124496	1.12887337045231e-08	-0.645483182655733	0.132	0.399	0.000364445478916824	TRERF1	0.330827067669173
ENSG00000119522	1.23018866265203e-08	-0.645086664709718	0.127	0.393	0.000397154107850583	DENND1A	0.323155216284987
ENSG00000151422	1.25995401862116e-08	-0.732869784194945	0.185	0.497	0.000406763555371655	FER	0.372233400402414
ENSG00000167526	1.59742335654227e-08	0.881932189020669	0.893	0.883	0.000515712156426105	RPL13	1.01132502831257
ENSG00000183287	1.84790162983629e-08	-0.707602044509143	0.132	0.405	0.000596576562176348	CCBE1	0.325925925925926
ENSG00000134769	1.94493416665766e-08	-0.732714183129707	0.146	0.429	0.000627902546363758	DTNA	0.34032634032634
ENSG00000157110	2.0033032168201e-08	-0.79581844499924	0.537	0.957	0.000646746410518203	RBPMS	0.561128526645768
ENSG00000114423	2.0094744687537e-08	-0.630462295510605	0.21	0.534	0.000648738737492444	CBLB	0.393258426966292
ENSG00000118181	2.50322696125539e-08	0.95711844295416	0.834	0.822	0.000808141792171691	RPS25	1.01459854014599
ENSG00000122026	2.84599699291882e-08	1.19623940790795	0.868	0.853	0.000918801669193912	RPL21	1.01758499413834
ENSG00000198589	3.11181970536635e-08	-0.618173582124643	0.137	0.405	0.00100461987368047	LRBA	0.338271604938272
ENSG00000198242	3.26736740603656e-08	0.982350882568517	0.844	0.84	0.00105483689336484	RPL23A	1.0047619047619
ENSG00000177954	3.58195406176246e-08	0.997113480764394	0.863	0.871	0.00115639804929939	RPS27	0.990815154994259
ENSG00000133687	4.05407458382211e-08	-0.589917709326977	0.068	0.288	0.00130881743864113	TMTC1	0.236111111111111
ENSG00000184903	4.49782754368285e-08	-0.920421169672537	0.21	0.503	0.00145207864420257	IMMP2L	0.417495029821074
ENSG00000112096	6.42858848497585e-08	-0.585080448357784	0.444	0.779	0.0020754055064896	SOD2	0.569961489088575
ENSG00000198712	6.79371884268941e-08	-0.720114095279374	0.654	0.859	0.00219328419117385	MT-CO2	0.761350407450524
ENSG00000156049	6.82862181614293e-08	-0.708256920358291	0.117	0.368	0.00220455226712358	GNA14	0.317934782608696
ENSG00000151090	6.84378896447365e-08	-0.975438593627816	0.151	0.411	0.00220944882929067	THRB	0.367396593673966
ENSG00000139220	7.48949043578828e-08	-0.609339759472559	0.049	0.245	0.00241790709228989	PPFIA2	0.2
ENSG00000162687	7.61368871762656e-08	-0.704158089166682	0.059	0.264	0.00245800326559856	KCNT2	0.223484848484848
ENSG00000109475	7.92699843421159e-08	0.834256227764896	0.859	0.853	0.00255915217450087	RPL34	1.00703399765533
ENSG00000115252	9.30715976302952e-08	-0.754169974279482	0.068	0.282	0.00300472345789645	PDE1A	0.24113475177305
ENSG00000172915	1.02217615590679e-07	-0.603151843729625	0.171	0.448	0.00329999350172947	NBEA	0.381696428571429
ENSG00000148655	1.09383515955048e-07	-0.709741022502367	0.21	0.497	0.00353133742909278	LRMDA	0.422535211267606
ENSG00000236790	1.12715189489423e-07	-0.938906621049638	0.078	0.288	0.00363889717747653	LINC00299	0.270833333333333
ENSG00000144713	1.22859362730047e-07	0.820579547906211	0.883	0.804	0.00396639166637684	RPL32	1.09825870646766
ENSG00000169946	1.27921441467214e-07	-1.26188381937844	0.18	0.429	0.00412981581632753	ZFPM2	0.41958041958042
ENSG00000197756	1.62061593172206e-07	1.00974730239814	0.878	0.816	0.0052319964739715	RPL37A	1.07598039215686
ENSG00000104332	1.83436859002666e-07	-1.13003460611478	0.059	0.252	0.00592207555604208	SFRP1	0.234126984126984
ENSG00000198795	2.06697155705015e-07	-0.664484592395397	0.117	0.356	0.0066730109747807	ZNF521	0.328651685393258
ENSG00000197958	2.08206649549535e-07	0.84973769399732	0.859	0.84	0.00672174347405719	RPL12	1.02261904761905
ENSG00000227028	2.61194452934623e-07	-0.625211412364293	0.059	0.245	0.00843240171854138	SLC8A1-AS1	0.240816326530612
ENSG00000154645	2.83587366841384e-07	-0.642572412468297	0.054	0.245	0.00915533455110725	CHODL	0.220408163265306
ENSG00000145743	2.96408686472966e-07	-0.67458248457117	0.117	0.35	0.00956925803409322	FBXL17	0.334285714285714
ENSG00000130255	3.08320018125174e-07	0.825023584996713	0.78	0.785	0.0099538034651531	RPL36	0.993630573248408
ENSG00000233927	3.10022229859783e-07	0.741984874697308	0.878	0.816	0.0100087576687932	RPS28	1.07598039215686
ENSG00000247809	3.19174942997731e-07	-0.946310226572783	0.098	0.307	0.0103042438597387	NR2F2-AS1	0.319218241042345
ENSG00000144331	3.52879990181086e-07	-0.767799663905819	0.156	0.411	0.0113923776030062	ZNF385B	0.37956204379562
ENSG00000198938	3.59892598805611e-07	-0.666400278926791	0.668	0.834	0.0116187726598404	MT-CO3	0.800959232613909
ENSG00000198804	3.91037309347067e-07	-0.746315970965957	0.702	0.865	0.0126242484949607	MT-CO1	0.811560693641618
ENSG00000213741	4.54530746785874e-07	1.49112072234342	0.751	0.798	0.0146740706292352	RPS29	0.941102756892231
ENSG00000163682	4.61603399510119e-07	0.812551449170226	0.849	0.84	0.0149024041497847	RPL9	1.01071428571429
ENSG00000145439	4.7558202748897e-07	-0.681646211418798	0.122	0.344	0.0153536901754539	CBR4	0.354651162790698
ENSG00000166006	4.78872712060941e-07	-0.865737875111793	0.18	0.436	0.0154599266361754	KCNC2	0.412844036697248
ENSG00000120907	5.00978291481829e-07	-0.726721742428735	0.083	0.288	0.0161735831621994	ADRA1A	0.288194444444444
ENSG00000161970	5.69829174255618e-07	1.31386264255807	0.79	0.804	0.0183963650616684	RPL26	0.982587064676617
ENSG00000117569	5.96005521388829e-07	-0.602905088240123	0.18	0.448	0.019241442252517	PTBP2	0.401785714285714
ENSG00000198467	5.97319826923795e-07	1.07708129483265	0.898	0.896	0.0192838732924078	TPM2	1.00223214285714
ENSG00000260658	6.2827446727698e-07	-0.590502552127446	0.054	0.239	0.02028321290157	AC138305.1	0.225941422594142
ENSG00000182899	6.49388534675187e-07	0.679640369347113	0.863	0.81	0.0209648594534537	RPL35A	1.06543209876543
ENSG00000172809	6.89273260546799e-07	1.22247705845988	0.737	0.773	0.0222524979434928	RPL38	0.953428201811125
ENSG00000100316	6.93295575093401e-07	0.822916192432521	0.844	0.816	0.0223823543463153	RPL3	1.0343137254902
ENSG00000143947	8.0369152425777e-07	0.709942779242744	0.873	0.877	0.0259463771691379	RPS27A	0.995438996579247
ENSG00000177570	8.38531997832129e-07	-0.624268852590872	0.063	0.245	0.0270711670180125	SAMD12	0.257142857142857
ENSG00000114757	8.51741491635392e-07	-0.676039000114163	0.049	0.227	0.027497622315957	PEX5L	0.215859030837004
ENSG00000116117	8.55928021312524e-07	-0.873059710512871	0.166	0.399	0.0276327802400535	PARD3B	0.416040100250627
ENSG00000135298	8.6116773072582e-07	-0.717639656410646	0.063	0.252	0.0278019390187524	ADGRB3	0.25
ENSG00000147604	9.77203886747116e-07	1.07027535822052	0.815	0.84	0.0315480502797439	RPL7	0.970238095238095
ENSG00000198918	1.03259221602385e-06	0.824419229282081	0.844	0.767	0.0333362071021138	RPL39	1.10039113428944
ENSG00000185420	1.13276168310188e-06	-0.648858784409909	0.146	0.387	0.0365700781772611	SMYD3	0.377260981912145
ENSG00000273149	1.32916106911047e-06	-0.585639221885759	0.151	0.387	0.0429106359551623	AL138963.4	0.390180878552972
ENSG00000259255	1.33124237747981e-06	-0.780235799461384	0.044	0.209	0.042977828914558	AC073941.1	0.210526315789474
ENSG00000150672	1.34981963963783e-06	-1.27808337557724	0.19	0.423	0.0435775772460678	DLG2	0.449172576832151
ENSG00000138326	1.36125333482226e-06	0.791305192154245	0.844	0.84	0.043946702661402	RPS24	1.0047619047619
ENSG00000177600	1.47192957414566e-06	0.719984918486654	0.878	0.828	0.0475197743717185	RPLP2	1.06038647342995
ENSG00000142541	1.51646636027119e-06	1.187693800194	0.859	0.877	0.0489575999749951	RPL13A	0.979475484606613
ENSG00000069667	1.57386644035119e-06	-0.972407256629091	0.19	0.423	0.0508107041602978	RORA	0.449172576832151
ENSG00000038945	1.70082347369449e-06	-0.585356536670376	0.083	0.276	0.0549093850247528	MSR1	0.300724637681159
ENSG00000105640	1.84766111250209e-06	0.886630699495854	0.834	0.828	0.0596498913560174	RPL18A	1.00724637681159
ENSG00000185565	1.87517229791391e-06	-0.9715591236106	0.083	0.27	0.0605380624658527	LSAMP	0.307407407407407
ENSG00000131469	1.95558120842466e-06	0.982547242810587	0.756	0.773	0.0631339837327817	RPL27	0.978007761966365
ENSG00000230590	1.97638925794882e-06	-0.936370744191876	0.239	0.485	0.0638057508036196	FTX	0.492783505154639
ENSG00000138134	2.01050842680314e-06	-0.617279396529762	0.137	0.35	0.0649072540509127	STAMBPL1	0.391428571428571
ENSG00000128512	2.24790153110952e-06	-0.69146250598816	0.122	0.344	0.0725712530303396	DOCK4	0.354651162790698
ENSG00000142937	3.21163644699475e-06	0.673574854067928	0.888	0.834	0.103684471054778	RPS8	1.06474820143885
ENSG00000235244	3.43133233890287e-06	-0.679694353528624	0.102	0.288	0.11077713322914	DANT2	0.354166666666667
ENSG00000231500	3.4787471298501e-06	0.945476377032412	0.854	0.828	0.112307872340081	RPS18	1.03140096618358
ENSG00000204406	3.50486555700615e-06	-0.881627113008762	0.146	0.362	0.113151079642386	MBD5	0.403314917127072
ENSG00000143995	3.51656967940014e-06	-0.65215056251622	0.083	0.258	0.113528935529754	MEIS1	0.321705426356589
ENSG00000143919	3.619078110444e-06	-0.596320947631373	0.132	0.344	0.116838317717574	CAMKMT	0.383720930232558
ENSG00000186153	4.1652751766768e-06	-0.84295977728215	0.185	0.411	0.134471743803834	WWOX	0.450121654501217
ENSG00000183960	4.22668557835469e-06	-0.723417271507589	0.088	0.276	0.136454317211603	KCNH8	0.318840579710145
ENSG00000114391	4.93224642902889e-06	0.661836132961845	0.82	0.853	0.159232643714769	RPL24	0.961313012895662
ENSG00000115268	5.39907991145899e-06	0.735061197549487	0.79	0.822	0.174303895861542	RPS15	0.961070559610706
ENSG00000224957	5.74855423200364e-06	-0.660322724382286	0.059	0.221	0.185586324826006	LINC01266	0.266968325791855
ENSG00000253452	5.90817287832386e-06	-0.631247874552585	0.063	0.233	0.190739453203808	AC124290.1	0.270386266094421
ENSG00000165966	5.91905718569121e-06	-0.590803657856889	0.088	0.276	0.191090842182855	PDZRN4	0.318840579710145
ENSG00000166441	6.04812236733308e-06	1.23256773588351	0.79	0.877	0.195257582506981	RPL27A	0.900798175598632
ENSG00000137872	6.60285255415065e-06	-0.731499177668235	0.068	0.239	0.2131664918582	SEMA6D	0.284518828451883
ENSG00000142676	7.34163043387728e-06	0.642470398128228	0.873	0.834	0.237017196927294	RPL11	1.04676258992806
ENSG00000225937	7.53599350185235e-06	-0.643065255512031	0.054	0.209	0.243292014213801	PCA3	0.258373205741627
ENSG00000140264	8.60193685569499e-06	0.839677481607286	0.79	0.822	0.277704929449257	SERF2	0.961070559610706
ENSG00000198755	9.08521748420884e-06	0.789549283964259	0.815	0.804	0.293307161260198	RPL10A	1.0136815920398
ENSG00000253496	1.06708093308686e-05	-0.859048224613428	0.054	0.202	0.344496408437763	AC011586.2	0.267326732673267
ENSG00000174748	1.24982921570135e-05	0.669583327810041	0.859	0.84	0.403494863997025	RPL15	1.02261904761905
ENSG00000142534	1.30457938455825e-05	0.952207831197747	0.785	0.834	0.421170408510786	RPS11	0.941247002398082
ENSG00000140988	2.07943894073609e-05	0.78124609185619	0.824	0.834	0.671326067627241	RPS2	0.988009592326139
ENSG00000134419	2.15431427336233e-05	0.68307366679936	0.829	0.834	0.695498820012294	RPS15A	0.99400479616307
ENSG00000134343	2.23912852080318e-05	-1.34261922868761	0.088	0.252	0.722880251656097	ANO3	0.349206349206349
ENSG00000198763	2.29445340727898e-05	-0.631390074314528	0.571	0.798	0.740741338005947	MT-ND2	0.715538847117794
ENSG00000249252	2.42270784072627e-05	-0.792126683668242	0.073	0.227	0.782146999300067	AC098829.1	0.3215859030837
ENSG00000102309	2.55708343858703e-05	0.611622282279514	0.244	0.558	0.825528817313438	PIN4	0.437275985663082
ENSG00000253693	3.44837782115934e-05	-0.775522071753038	0.059	0.202	1	AC008415.1	0.292079207920792
ENSG00000143933	3.6367741988805e-05	1.59085580921827	0.624	0.706	1	CALM2	0.88385269121813
ENSG00000134532	3.66972460515543e-05	-0.977647273025855	0.146	0.319	1	SOX5	0.457680250783699
ENSG00000137818	3.71430163579863e-05	0.627731635224653	0.922	0.926	1	RPLP1	0.995680345572354
ENSG00000184983	3.77455283138397e-05	0.628063021408458	0.293	0.632	1	NDUFA6	0.463607594936709
ENSG00000145425	4.01235181528372e-05	0.648926149955471	0.844	0.877	1	RPS3A	0.962371721778791
ENSG00000127184	4.193454250615e-05	0.705363298223818	0.785	0.736	1	COX7C	1.06657608695652
ENSG00000171863	4.1985948821011e-05	0.6272525805661	0.82	0.779	1	RPS7	1.05263157894737
ENSG00000116251	4.44180682496274e-05	0.764392211740573	0.771	0.761	1	RPL22	1.01314060446781
ENSG00000087086	4.84722740111804e-05	0.736176943639799	0.937	0.951	1	FTL	0.98527865404837
ENSG00000125868	5.6046296566412e-05	1.03745384077974	0.863	0.951	1	DSTN	0.907465825446898
ENSG00000178568	6.46935316064418e-05	-1.08050806473087	0.059	0.19	1	ERBB4	0.310526315789474
ENSG00000065978	7.47654336821786e-05	1.01189782864323	0.766	0.767	1	YBX1	0.998696219035202
ENSG00000105372	7.7997055510744e-05	0.654333603227049	0.854	0.834	1	RPS19	1.02398081534772
ENSG00000153823	8.54378539775151e-05	-0.601622839851897	0.039	0.16	1	PID1	0.24375
ENSG00000168894	0.000100889785554463	0.612513127169615	0.224	0.515	1	RNF181	0.43495145631068
ENSG00000008988	0.000104859108960284	1.29244205757808	0.717	0.822	1	RPS20	0.872262773722628
ENSG00000177694	0.00010920630144833	-0.753976781562424	0.127	0.288	1	NAALADL2	0.440972222222222
ENSG00000014641	0.000116984845859591	0.599899405844539	0.273	0.595	1	MDH1	0.458823529411765
ENSG00000205542	0.0001171283863882	0.870676762961513	0.912	0.951	1	TMSB4X	0.958990536277603
ENSG00000089009	0.000121403168418653	0.614146153810051	0.859	0.791	1	RPL6	1.08596713021492
ENSG00000124172	0.000176430167118253	0.802779168211318	0.761	0.736	1	ATP5F1E	1.03396739130435
ENSG00000261404	0.000187906746688215	-0.776816621186854	0.078	0.215	1	AC138627.1	0.362790697674419
ENSG00000067798	0.000199212601231331	-0.624449637871966	0.122	0.282	1	NAV3	0.432624113475177
ENSG00000173812	0.00020955297038839	0.700934726070676	0.854	0.828	1	EIF1	1.03140096618358
ENSG00000156482	0.000286584855022644	0.617698598661122	0.844	0.877	1	RPL30	0.962371721778791
ENSG00000198034	0.000298719772911954	0.613939907571553	0.863	0.822	1	RPS4X	1.04987834549878
ENSG00000125691	0.000318122515275855	0.879063009634702	0.741	0.81	1	RPL23	0.914814814814815
ENSG00000101335	0.000330875700990938	0.898061691786729	0.898	0.951	1	MYL9	0.944269190325973
ENSG00000071082	0.000349208184545548	1.03138925954711	0.737	0.816	1	RPL31	0.903186274509804
ENSG00000164176	0.00035381206432944	-0.900839336665155	0.063	0.184	1	EDIL3	0.342391304347826
ENSG00000221983	0.000360317668287348	0.633767743299932	0.78	0.767	1	UBA52	1.01694915254237
ENSG00000128573	0.000422566466921097	-0.665593575134974	0.098	0.233	1	FOXP2	0.420600858369099
ENSG00000166710	0.000436885265623003	0.72907480416529	0.912	0.939	1	B2M	0.971246006389776
ENSG00000272047	0.000477065384813003	0.629871184584817	0.19	0.423	1	GTF2H5	0.449172576832151
ENSG00000092841	0.000483438927221224	0.58610393823892	0.873	0.926	1	MYL6	0.942764578833693
ENSG00000140319	0.000530714732598491	0.719628031658148	0.707	0.742	1	SRP14	0.952830188679245
ENSG00000148671	0.000547537005805746	2.25827939195979	0.21	0.092	1	ADIRF	2.28260869565217
ENSG00000119632	0.000573774192527319	0.586316595540215	0.259	0.552	1	IFI27L2	0.469202898550725
ENSG00000156467	0.00057867830127028	0.895569446026707	0.712	0.712	1	UQCRB	1
ENSG00000145592	0.000673952056831908	0.601734010535193	0.829	0.804	1	RPL37	1.03109452736318
ENSG00000135905	0.000826707968075978	-0.714041724592553	0.093	0.215	1	DOCK10	0.432558139534884
ENSG00000188643	0.000859465239292047	0.671050195311938	0.254	0.521	1	S100A16	0.487523992322457
ENSG00000167641	0.00108192232824302	1.90016804696246	0.298	0.19	1	PPP1R14A	1.56842105263158
ENSG00000071282	0.00127177189304998	0.674955582282544	0.259	0.491	1	LMCD1	0.527494908350306
ENSG00000170889	0.00129295835447028	0.606853207227675	0.844	0.798	1	RPS9	1.05764411027569
ENSG00000086598	0.00130921193822097	0.73031012284441	0.283	0.595	1	TMED2	0.47563025210084
ENSG00000276644	0.00134838857454827	-0.696737669419932	0.073	0.184	1	DACH1	0.396739130434783
ENSG00000167996	0.00145005357607914	0.696159089615017	0.927	0.939	1	FTH1	0.987220447284345
ENSG00000148834	0.0015738152107554	0.715817707322682	0.283	0.564	1	GSTO1	0.50177304964539
ENSG00000235162	0.00166229738807548	0.625053511013016	0.112	0.27	1	C12orf75	0.414814814814815
ENSG00000164265	0.00181690138395518	0.96487483645319	0.307	0.209	1	SCGB3A2	1.4688995215311
ENSG00000100764	0.00216863712996078	0.618330820667485	0.224	0.436	1	PSMC1	0.513761467889908
ENSG00000149591	0.00274215284936894	0.724031434028789	0.932	0.975	1	TAGLN	0.955897435897436
ENSG00000167088	0.00274684286583131	0.629245634547602	0.273	0.54	1	SNRPD1	0.505555555555556
ENSG00000162244	0.00306121668994415	0.587627655405364	0.795	0.84	1	RPL29	0.946428571428572
ENSG00000172590	0.00322239165965827	0.615337512446118	0.234	0.454	1	MRPL52	0.515418502202643
ENSG00000164346	0.00332198157671999	0.594516839736826	0.278	0.571	1	NSA2	0.486865148861646
ENSG00000174444	0.00332559175522298	0.735681381242136	0.712	0.773	1	RPL4	0.921086675291074
ENSG00000145337	0.00362060959081488	0.682496351789	0.327	0.626	1	PYURF	0.522364217252396
ENSG00000125534	0.00380427968152782	0.899884425197448	0.61	0.681	1	PPDPF	0.895741556534508
ENSG00000123349	0.00405271006869888	0.709628506308647	0.663	0.718	1	PFDN5	0.923398328690808
ENSG00000175183	0.0042063512381377	0.668220918061014	0.293	0.571	1	CSRP2	0.513134851138354
ENSG00000165410	0.00449603615444979	0.648910827794243	0.346	0.65	1	CFL2	0.532307692307692
ENSG00000126756	0.00499643413492095	0.594428345709189	0.322	0.595	1	UXT	0.541176470588235
ENSG00000108691	0.00517753171637501	0.866896151011219	0.229	0.405	1	CCL2	0.565432098765432
ENSG00000116030	0.00520415545888783	0.599774272494777	0.322	0.613	1	SUMO1	0.525285481239804
ENSG00000163453	0.00524363056844578	1.71332617299027	0.322	0.227	1	IGFBP7	1.41850220264317
ENSG00000120533	0.00557594045719052	0.606669475678253	0.293	0.564	1	ENY2	0.519503546099291
ENSG00000135404	0.0057709244065838	0.77706724991594	0.79	0.84	1	CD63	0.940476190476191
ENSG00000168938	0.00646219146115955	0.609333878609715	0.21	0.405	1	PPIC	0.518518518518518
ENSG00000125995	0.00685564697029194	0.693912074394024	0.302	0.595	1	ROMO1	0.507563025210084
ENSG00000006327	0.00810226661655927	0.926402849866924	0.273	0.491	1	TNFRSF12A	0.556008146639511
ENSG00000169020	0.00999550279036046	1.29148374694555	0.541	0.644	1	ATP5ME	0.840062111801242
