p_val	avg_log2FC	pct.1	pct.2	p_val_adj	symbol	pct.fc
ENSG00000163359	1.75899741920206e-40	-2.22008852424631	0.273	0.983	5.67874726815191e-36	COL6A3	0.277721261444557
ENSG00000038427	1.55867409214925e-34	-2.21601871867677	0.068	0.73	5.03202343909463e-30	VCAN	0.0931506849315069
ENSG00000168542	1.90388350502292e-33	-3.08365879316195	0.259	0.896	6.14649750761599e-29	COL3A1	0.2890625
ENSG00000107796	5.98671048344083e-33	3.3641749150839	0.961	0.635	1.93274961247404e-28	ACTA2	1.51338582677165
ENSG00000149591	2.81231320668823e-31	3.7963370137817	0.932	0.496	9.07927195647229e-27	TAGLN	1.87903225806452
ENSG00000078098	3.23259125699847e-30	-1.63490450377922	0.088	0.722	1.04360976140939e-25	FAP	0.121883656509695
ENSG00000108821	3.70539287671438e-30	-3.46478429909119	0.254	0.852	1.19624903631847e-25	COL1A1	0.2981220657277
ENSG00000182463	1.03995871146328e-29	-2.07394570610009	0.034	0.609	3.35740270408806e-25	TSHZ2	0.0558292282430214
ENSG00000204262	2.09309942504557e-29	-1.69659520202818	0.098	0.704	6.75736218381711e-25	COL5A2	0.139204545454545
ENSG00000065534	8.36566683988475e-28	2.6246727043328	0.927	0.696	2.70077188258839e-23	MYLK	1.33189655172414
ENSG00000079931	4.40421522439151e-26	-1.74018935055055	0.054	0.591	1.42185684304256e-21	MOXD1	0.0913705583756345
ENSG00000164692	6.2190243287386e-26	-2.55135204892131	0.38	0.922	2.00774981428997e-21	COL1A2	0.412147505422993
ENSG00000139329	2.19315917025043e-25	-2.78811352468003	0.224	0.791	7.0803950652365e-21	LUM	0.283185840707965
ENSG00000099953	8.55637885822368e-25	-2.95656800986266	0.015	0.478	2.76234135058893e-20	MMP11	0.0313807531380753
ENSG00000140416	2.64062894772012e-24	2.7463837004407	0.878	0.678	8.52500649481964e-20	TPM1	1.29498525073746
ENSG00000214548	2.08685416591275e-23	-1.42133379167423	0.044	0.53	6.73719998923271e-19	MEG3	0.0830188679245283
ENSG00000196628	6.52734727882959e-23	-1.36282679384359	0.146	0.696	2.10728879549734e-18	TCF4	0.209770114942529
ENSG00000142173	1.42020407252698e-22	-1.64500236543556	0.302	0.861	4.58498682774611e-18	COL6A2	0.35075493612079
ENSG00000164932	9.30997485540025e-22	-1.97148900181096	0.02	0.443	3.00563228231742e-17	CTHRC1	0.0451467268623025
ENSG00000101335	1.68739710865048e-21	3.28786039461439	0.898	0.722	5.44759282556722e-17	MYL9	1.24376731301939
ENSG00000035862	3.91350762626736e-21	-1.35157849211658	0.288	0.835	1.26343680206416e-16	TIMP2	0.344910179640719
ENSG00000087245	5.74340003861361e-21	-1.94605660741742	0.283	0.8	1.85419926846602e-16	MMP2	0.35375
ENSG00000186340	1.10107883902635e-20	-1.26551576559632	0.215	0.757	3.55472292391266e-16	THBS2	0.284015852047556
ENSG00000153250	1.89478212821088e-20	-1.04210367884247	0.244	0.835	6.11711462271599e-16	RBMS1	0.292215568862275
ENSG00000198467	3.00446360639336e-20	2.65946123959517	0.898	0.765	9.69961030688032e-16	TPM2	1.17385620915033
ENSG00000184232	4.57503854888657e-20	-0.855232071020207	0.049	0.496	1.47700544512254e-15	OAF	0.0987903225806452
ENSG00000116962	2.21298691063707e-19	-1.09806292166997	0.02	0.4	7.14440694230071e-15	NID1	0.05
ENSG00000141756	3.20699237042096e-19	-0.785715146712122	0.039	0.443	1.0353454168667e-14	FKBP10	0.0880361173814898
ENSG00000143369	3.97357388908318e-19	-1.03848450119178	0.01	0.374	1.28282859435162e-14	ECM1	0.0267379679144385
ENSG00000157227	5.00367548837132e-19	-1.20332395513605	0.102	0.565	1.6153865946658e-14	MMP14	0.180530973451327
ENSG00000149257	6.64389002228373e-19	-1.14281560369823	0.107	0.565	2.14491345479408e-14	SERPINH1	0.189380530973451
ENSG00000182670	6.99479895661543e-19	-1.00593444871973	0.278	0.826	2.25820089515373e-14	TTC3	0.336561743341404
ENSG00000154175	7.38679795983489e-19	-1.74175526699645	0.156	0.652	2.3847538533531e-14	ABI3BP	0.239263803680982
ENSG00000103855	8.44103787116264e-19	-0.778889013386038	0.073	0.513	2.72510466632615e-14	CD276	0.142300194931774
ENSG00000077942	1.13356318373442e-18	-1.48793323488469	0.337	0.835	3.6595953823682e-14	FBLN1	0.403592814371258
ENSG00000166033	2.31023240757377e-18	-1.4549505186579	0.254	0.765	7.45835430461116e-14	HTRA1	0.33202614379085
ENSG00000123384	2.983172676214e-18	-0.758255917190283	0.102	0.565	9.63087466788928e-14	LRP1	0.180530973451327
ENSG00000125844	3.1186442815919e-18	-0.792764494546263	0.171	0.67	1.00682311986913e-13	RRBP1	0.255223880597015
ENSG00000139910	7.15892422543758e-18	-1.4738246371984	0.063	0.478	2.31118709694027e-13	NOVA1	0.131799163179916
ENSG00000142552	7.99279374393031e-18	-0.782248491918907	0	0.322	2.58039353229046e-13	RCN3	0
ENSG00000113721	1.79677862562258e-17	-0.88279494264754	0.068	0.478	5.80072011495995e-13	PDGFRB	0.142259414225941
ENSG00000137573	1.87204368523863e-17	-1.67547577342424	0.059	0.461	6.04370583342439e-13	SULF1	0.127982646420824
ENSG00000148700	2.05068280993683e-17	-0.689306958324886	0.044	0.426	6.62042438360008e-13	ADD3	0.103286384976526
ENSG00000106333	2.9401603849328e-17	-1.81149196574254	0.02	0.365	9.49201378671704e-13	PCOLCE	0.0547945205479452
ENSG00000149090	3.31596874497502e-17	-1.28100310290799	0.039	0.409	1.07052734962774e-12	PAMR1	0.0953545232273839
ENSG00000090863	3.60716875644124e-17	-0.753042951209988	0.161	0.643	1.16453836132949e-12	GLG1	0.250388802488336
ENSG00000120594	4.11012292122369e-17	-1.90267548152761	0.185	0.678	1.32691208388786e-12	PLXDC2	0.272861356932153
ENSG00000125868	4.78089920030863e-17	2.20764609729022	0.863	0.826	1.54346549782764e-12	DSTN	1.04479418886199
ENSG00000159403	5.34504469840368e-17	-1.4940733933139	0.093	0.522	1.72559423043264e-12	C1R	0.17816091954023
ENSG00000138760	6.72007848453356e-17	-0.860077760344568	0.161	0.626	2.16951013794681e-12	SCARB2	0.257188498402556
ENSG00000019549	8.34748736252492e-17	-0.714626418463975	0.044	0.417	2.69490282011755e-12	SNAI2	0.105515587529976
ENSG00000090006	8.80127658395269e-17	-0.741828463800426	0.059	0.452	2.84140413236329e-12	LTBP4	0.130530973451327
ENSG00000130635	1.43223248488434e-16	-1.03659183354375	0.059	0.443	4.62381935420062e-12	COL5A1	0.133182844243792
ENSG00000169554	1.86932714649788e-16	-1.23622952296569	0.224	0.704	6.03493575975377e-12	ZEB2	0.318181818181818
ENSG00000113140	2.04921688912914e-16	-1.67822857594126	0.385	0.852	6.61569180486451e-12	SPARC	0.4518779342723
ENSG00000134853	2.23641642216629e-16	-1.18845165633557	0.054	0.435	7.22004677732164e-12	PDGFRA	0.124137931034483
ENSG00000124766	3.00862387936824e-16	-1.19635506891141	0.215	0.704	9.71304133215244e-12	SOX4	0.305397727272727
ENSG00000110841	3.76865252776071e-16	-0.744149224082533	0.137	0.609	1.21667178206227e-11	PPFIBP1	0.22495894909688
ENSG00000110852	8.49813299693113e-16	-0.766123682702397	0.151	0.626	2.74353725672925e-11	CLEC2B	0.241214057507987
ENSG00000074842	9.35279686038069e-16	-0.729773230874665	0.141	0.591	3.0194569384053e-11	MYDGF	0.238578680203046
ENSG00000183036	9.47063939545308e-16	2.69434148688195	0.541	0.096	3.05750122242807e-11	PCP4	5.63541666666667
ENSG00000115252	1.00512774392437e-15	-1.61022879781986	0.068	0.461	3.24495440848544e-11	PDE1A	0.147505422993492
ENSG00000112936	1.04867727583648e-15	-1.5692307934158	0.01	0.313	3.3855497173105e-11	C7	0.0319488817891374
ENSG00000129009	1.14481771671411e-15	-0.916339106005691	0.073	0.461	3.69592951663983e-11	ISLR	0.158351409978308
ENSG00000163520	1.21333380214306e-15	-0.852787277604861	0.01	0.313	3.91712684683865e-11	FBLN2	0.0319488817891374
ENSG00000159674	2.03047284890138e-15	-1.20434869883812	0.351	0.835	6.55517854539321e-11	SPON2	0.420359281437126
ENSG00000187955	2.27468595503974e-15	-1.31544932209084	0.161	0.609	7.34359613725031e-11	COL14A1	0.264367816091954
ENSG00000100979	2.51350022899116e-15	-0.601692878648162	0.127	0.583	8.11458413927505e-11	PLTP	0.217838765008576
ENSG00000091986	2.68327973849271e-15	-0.836332431414199	0.166	0.626	8.66270030774987e-11	CCDC80	0.26517571884984
ENSG00000003436	3.41450927188964e-15	-0.987620451412354	0.141	0.574	1.10234017333685e-10	TFPI	0.245644599303136
ENSG00000174807	4.58884351697094e-15	-0.818900538839221	0.01	0.304	1.4814622410189e-10	CD248	0.0328947368421053
ENSG00000133110	4.77040082350168e-15	-2.20283560694503	0.005	0.287	1.54007620185928e-10	POSTN	0.0174216027874564
ENSG00000169439	4.96579448446037e-15	-0.888884621783432	0.156	0.6	1.60315709136319e-10	SDC2	0.26
ENSG00000197102	6.17714342227572e-15	-0.719524874423201	0.161	0.591	1.99422898244749e-10	DYNC1H1	0.272419627749577
ENSG00000104324	7.2580943451134e-15	-0.740942685097263	0.2	0.67	2.34320317837641e-10	CPQ	0.298507462686567
ENSG00000198121	8.29908836166024e-15	-1.12050801889488	0.068	0.435	2.67927768667839e-10	LPAR1	0.15632183908046
ENSG00000069956	8.60242200071898e-15	-0.639927194978391	0.088	0.478	2.77720591871212e-10	MAPK6	0.184100418410042
ENSG00000256235	1.07979868376068e-14	-0.65495871814102	0.039	0.374	3.48602207065297e-10	SMIM3	0.10427807486631
ENSG00000050555	1.24418894819783e-14	-1.05837079375388	0.01	0.296	4.01673960036187e-10	LAMC3	0.0337837837837838
ENSG00000115414	1.40874156829265e-14	-2.08977913359869	0.2	0.626	4.547981279076e-10	FN1	0.319488817891374
ENSG00000011465	1.41140999316127e-14	-1.3067364731422	0.62	0.939	4.55659602192185e-10	DCN	0.660276890308839
ENSG00000088882	1.86322322794294e-14	-0.698178888495222	0.054	0.4	6.015229869091e-10	CPXM1	0.135
ENSG00000162576	2.39758765144998e-14	-1.021048869114	0.132	0.539	7.74037197394111e-10	MXRA8	0.244897959183673
ENSG00000092841	2.65852324381713e-14	1.53127693194363	0.873	0.835	8.58277644033921e-10	MYL6	1.04550898203593
ENSG00000144560	2.96087703218726e-14	-0.81331818174089	0.254	0.722	9.55889541071333e-10	VGLL4	0.351800554016621
ENSG00000143786	5.34928988858409e-14	-1.29662588866631	0.029	0.33	1.72696474763049e-09	CNIH3	0.0878787878787879
ENSG00000158270	7.07363846334147e-14	-0.869893963950611	0.078	0.452	2.28365344150516e-09	COLEC12	0.172566371681416
ENSG00000251562	7.09471321592018e-14	-0.790898171547191	0.829	1	2.29045721462767e-09	MALAT1	0.829
ENSG00000162493	7.09678709046737e-14	-0.872838400566608	0.122	0.522	2.29112674428648e-09	PDPN	0.233716475095785
ENSG00000138448	7.3062940960204e-14	-0.794770341129715	0.239	0.73	2.35876398595922e-09	ITGAV	0.327397260273973
ENSG00000129038	7.8641781063991e-14	-0.741364723028814	0.015	0.296	2.53887125986989e-09	LOXL1	0.0506756756756757
ENSG00000168003	8.88822371129145e-14	-0.708576654703376	0.161	0.574	2.86947414295333e-09	SLC3A2	0.280487804878049
ENSG00000119906	1.08997805243533e-13	-1.99463379429585	0.137	0.513	3.51888514448224e-09	SLF2	0.267056530214425
ENSG00000168264	1.11678081088448e-13	-0.638403971206517	0.127	0.53	3.60541516985947e-09	IRF2BP2	0.239622641509434
ENSG00000229807	1.27714373928471e-13	-0.92587639219387	0.288	0.809	4.12313084790677e-09	XIST	0.355995055624227
ENSG00000091136	1.8659852880387e-13	-0.914031226990604	0.117	0.496	6.02414690390412e-09	LAMB1	0.235887096774194
ENSG00000130176	2.41318138864791e-13	2.24179405970401	0.624	0.287	7.79071479511092e-09	CNN1	2.17421602787456
ENSG00000181722	2.70319137678426e-13	-1.54106787946925	0.259	0.713	8.72698304081031e-09	ZBTB20	0.363253856942497
ENSG00000137831	4.29885822519807e-13	-0.776619883297762	0.112	0.487	1.38784338942294e-08	UACA	0.229979466119097
ENSG00000129226	4.34469405948216e-13	-0.587967307709724	0.059	0.391	1.40264103016322e-08	CD68	0.150895140664962
ENSG00000198523	6.66813011172947e-13	2.42164845966664	0.488	0.122	2.15273912527074e-08	PLN	4
ENSG00000112769	6.86049986451516e-13	-0.648039124994426	0.054	0.374	2.21484377626007e-08	LAMA4	0.144385026737968
ENSG00000104332	7.06575556911829e-13	-1.74708748160572	0.059	0.374	2.28110852793415e-08	SFRP1	0.157754010695187
ENSG00000142156	7.14900107013628e-13	-1.3644240319609	0.293	0.713	2.3079835054828e-08	COL6A1	0.4109396914446
ENSG00000277443	7.26646589607899e-13	-0.788417060372265	0.059	0.374	2.34590584989014e-08	MARCKS	0.157754010695187
ENSG00000082175	7.34178625464465e-13	-0.837407046101962	0.063	0.391	2.37022227444948e-08	PGR	0.161125319693095
ENSG00000145730	7.8732393919702e-13	-1.07236316287741	0.176	0.583	2.54179660530366e-08	PAM	0.30188679245283
ENSG00000134871	7.93835942190787e-13	-0.8255594268187	0.288	0.791	2.56281995576874e-08	COL4A2	0.36409608091024
ENSG00000182326	8.99895979985042e-13	-1.28923717395282	0.249	0.67	2.90522418178371e-08	C1S	0.371641791044776
ENSG00000177606	1.01066708216869e-12	-1.32954490038786	0.322	0.774	3.2628376080734e-08	JUN	0.416020671834625
ENSG00000176170	1.03458853032938e-12	-0.683857322838467	0.083	0.426	3.34006561131538e-08	SPHK1	0.194835680751174
ENSG00000110492	1.11317792883128e-12	-1.20338599792574	0.278	0.713	3.5937836254389e-08	MDK	0.389901823281907
ENSG00000030582	1.41177523014958e-12	-0.709741554498823	0.171	0.591	4.5577751530149e-08	GRN	0.289340101522843
ENSG00000117122	1.48431573844809e-12	-0.698421816033151	0.127	0.504	4.79196493000582e-08	MFAP2	0.251984126984127
ENSG00000138639	1.52030518406275e-12	-2.07734736817507	0.141	0.496	4.90815325622818e-08	ARHGAP24	0.284274193548387
ENSG00000132669	1.55325145467718e-12	-0.617345075004524	0.073	0.409	5.01451699627979e-08	RIN2	0.178484107579462
ENSG00000091831	1.74402365666777e-12	-1.49280921052251	0.224	0.635	5.63040597318624e-08	ESR1	0.352755905511811
ENSG00000151150	1.76553711112609e-12	-1.4268981570642	0.137	0.513	5.69986000955948e-08	ANK3	0.267056530214425
ENSG00000185630	1.88329144549642e-12	-0.807254755235961	0.283	0.748	6.08001810264063e-08	PBX1	0.378342245989305
ENSG00000108679	2.13973541088853e-12	-0.676460033675053	0.151	0.557	6.90792180051254e-08	LGALS3BP	0.271095152603232
ENSG00000101825	2.1799552917053e-12	-0.751799905871667	0.01	0.252	7.0377676637414e-08	MXRA5	0.0396825396825397
ENSG00000163430	2.32204093962277e-12	-0.74122866049127	0.19	0.583	7.49647696947816e-08	FSTL1	0.32590051457976
ENSG00000164330	2.75847371691571e-12	-1.06347219144671	0.049	0.348	8.90545654769069e-08	EBF1	0.140804597701149
ENSG00000247809	2.97926066761725e-12	-1.53791774981097	0.098	0.435	9.61824513933553e-08	NR2F2-AS1	0.225287356321839
ENSG00000169083	4.41743670246134e-12	-0.899433157623656	0.054	0.348	1.42612526502262e-07	AR	0.155172413793103
ENSG00000109846	4.73388284459954e-12	1.81490602865959	0.722	0.504	1.52828673755052e-07	CRYAB	1.43253968253968
ENSG00000138061	5.3262314261207e-12	-0.952227742513838	0.205	0.609	1.71952055360881e-07	CYP1B1	0.336617405582923
ENSG00000130340	5.48046705697562e-12	-0.695821804326721	0.273	0.739	1.76931398467401e-07	SNX9	0.369418132611637
ENSG00000115594	5.67680522028290e-12	-0.841631303207973	0.161	0.565	1.83269979731613e-07	IL1R1	0.284955752212389
ENSG00000116132	6.70932355421537e-12	-0.804158037950331	0.127	0.496	2.16603801624289e-07	PRRX1	0.256048387096774
ENSG00000089327	7.03725342877602e-12	-0.596745134033693	0.112	0.478	2.27190689694605e-07	FXYD5	0.234309623430962
ENSG00000168297	7.09712723708883e-12	-0.759939488844985	0.107	0.461	2.29123655722176e-07	PXK	0.232104121475054
ENSG00000074695	7.23302281141371e-12	-0.603141426175505	0.156	0.53	2.3351090844368e-07	LMAN1	0.294339622641509
ENSG00000158710	8.70790545167363e-12	-1.03659205938535	0.195	0.583	2.81126019601832e-07	TAGLN2	0.334476843910806
ENSG00000062716	9.65979390718868e-12	-0.707525709962637	0.341	0.843	3.11856786499679e-07	VMP1	0.404507710557533
ENSG00000143013	9.99908530741648e-12	-0.766350384319243	0.132	0.487	3.22810470064634e-07	LMO4	0.271047227926078
ENSG00000166147	1.03501463691949e-11	-0.699783954055259	0.073	0.383	3.34144125383089e-07	FBN1	0.190600522193211
ENSG00000159216	1.13941572309288e-11	-0.84943971425271	0.132	0.504	3.67848972043306e-07	RUNX1	0.261904761904762
ENSG00000112893	1.15667614640099e-11	-1.1535870177216	0.117	0.461	3.73421327104095e-07	MAN2A1	0.253796095444685
ENSG00000151790	1.18547871562242e-11	-0.717609506831878	0	0.209	3.82719948551541e-07	TDO2	0
ENSG00000130513	1.30609589412074e-11	-1.56514862185516	0.073	0.374	4.21659998457938e-07	GDF15	0.195187165775401
ENSG00000122417	1.32579639178258e-11	-0.66141688816501	0.117	0.47	4.28020107123089e-07	ODF2L	0.248936170212766
ENSG00000182492	1.48275235994019e-11	-1.07972402503614	0.229	0.635	4.78691771883091e-07	BGN	0.360629921259843
ENSG00000154122	1.84735361724893e-11	-0.988449532681414	0.068	0.374	5.96399641792645e-07	ANKH	0.181818181818182
ENSG00000181381	1.98414307396082e-11	-0.602174446428308	0.024	0.27	6.40560749997512e-07	DDX60L	0.0888888888888889
ENSG00000106443	2.6932242670792e-11	-0.742742855963577	0.171	0.565	8.6948052238385e-07	PHF14	0.302654867256637
ENSG00000144366	3.4967301062932e-11	-1.39280235270495	0.18	0.557	1.1288843475157e-06	GULP1	0.323159784560144
ENSG00000164920	3.93785606636649e-11	-0.722341494506123	0.044	0.313	1.27129745246576e-06	OSR2	0.140575079872204
ENSG00000149212	3.96012098614911e-11	-0.877425935923678	0.127	0.47	1.27848545916838e-06	SESN3	0.270212765957447
ENSG00000166482	4.31935913189419e-11	-1.1217942739899	0.22	0.6	1.39446190214072e-06	MFAP4	0.366666666666667
ENSG00000269821	4.95945860120202e-11	-0.759629050867979	0.224	0.643	1.60111161481206e-06	KCNQ1OT1	0.348367029548989
ENSG00000167779	5.33187985761292e-11	-0.781583775653657	0.073	0.383	1.72134409323176e-06	IGFBP6	0.190600522193211
ENSG00000169047	5.78063611611399e-11	-0.712350758543002	0.039	0.304	1.86622056372624e-06	IRS1	0.128289473684211
ENSG00000141027	6.31421544747483e-11	-0.778518474550813	0.273	0.704	2.03848131506277e-06	NCOR1	0.387784090909091
ENSG00000104870	6.40030082634196e-11	-0.700707241809224	0.259	0.687	2.06627311877624e-06	FCGRT	0.377001455604076
ENSG00000057019	6.77187375631926e-11	-0.750309234083084	0.093	0.409	2.18623172349011e-06	DCBLD2	0.227383863080685
ENSG00000272168	7.10731747910272e-11	-0.885492059543246	0.107	0.435	2.29452637495352e-06	CASC15	0.245977011494253
ENSG00000057657	8.0872136893391e-11	-0.887364361557876	0.063	0.339	2.61087606746624e-06	PRDM1	0.185840707964602
ENSG00000139117	8.24234654769561e-11	-0.716410287673438	0.112	0.452	2.66095915945805e-06	CPNE8	0.247787610619469
ENSG00000162998	8.51645107040925e-11	-0.713845543399706	0.063	0.357	2.74945106357092e-06	FRZB	0.176470588235294
ENSG00000118495	8.83503173730135e-11	-0.801949919642214	0.107	0.435	2.85230164607037e-06	PLAGL1	0.245977011494253
ENSG00000136235	8.86063737841676e-11	-0.941909267345891	0.38	0.791	2.86056817124807e-06	GPNMB	0.480404551201011
ENSG00000169855	8.97043955977895e-11	-1.37627908364635	0.059	0.33	2.89601670747904e-06	ROBO1	0.178787878787879
ENSG00000179241	9.25958734541779e-11	-0.946701264239428	0.093	0.391	2.98936517859468e-06	LDLRAD3	0.237851662404092
ENSG00000123610	9.64717262878876e-11	-1.45686693918506	0	0.191	3.11449321147816e-06	TNFAIP6	0
ENSG00000052126	9.76317993096835e-11	-0.998285764029795	0.19	0.574	3.15194500891382e-06	PLEKHA5	0.331010452961673
ENSG00000126709	1.01290440206357e-10	-0.791825890161099	0.146	0.513	3.27006057162204e-06	IFI6	0.284600389863548
ENSG00000122641	1.09817190796035e-10	-0.587184608084581	0.049	0.322	3.54533818765919e-06	INHBA	0.152173913043478
ENSG00000122870	1.17346962046234e-10	-0.95488821821613	0.049	0.313	3.7884293227006e-06	BICC1	0.156549520766773
ENSG00000162733	1.32474351439382e-10	-0.624787562568732	0.215	0.609	4.276801961869e-06	DDR2	0.35303776683087
ENSG00000115457	1.42092370912451e-10	-1.12993376101787	0.073	0.365	4.58731010253756e-06	IGFBP2	0.2
ENSG00000185565	1.47309431112095e-10	-1.6292129003901	0.083	0.374	4.75573767402288e-06	LSAMP	0.22192513368984
ENSG00000106829	1.50864768209201e-10	-0.70079139026872	0.137	0.478	4.87051817686584e-06	TLE4	0.286610878661088
ENSG00000054267	1.56489611304205e-10	-0.698126216072496	0.21	0.591	5.05211061134495e-06	ARID4B	0.355329949238579
ENSG00000141753	1.62369960750276e-10	-1.05720217282231	0.327	0.722	5.24195181286191e-06	IGFBP4	0.452908587257618
ENSG00000164292	1.89495570615284e-10	-0.653287613530977	0.088	0.383	6.11767500174382e-06	RHOBTB3	0.22976501305483
ENSG00000204103	1.92379833722137e-10	-0.880817624550753	0.054	0.322	6.21079055188547e-06	MAFB	0.167701863354037
ENSG00000166250	2.19792508737081e-10	-0.940882500722545	0.063	0.348	7.09578135206792e-06	CLMP	0.181034482758621
ENSG00000132561	2.50364474795395e-10	-0.851681837588248	0.278	0.652	8.08276670429453e-06	MATN2	0.42638036809816
ENSG00000163453	2.60064644913817e-10	-0.786094354090866	0.322	0.73	8.39592699639767e-06	IGFBP7	0.441095890410959
ENSG00000085224	2.70543219116995e-10	-0.666233938537208	0.268	0.722	8.73421728597307e-06	ATRX	0.371191135734072
ENSG00000170801	2.72955381089905e-10	-0.94178646386682	0	0.183	8.81209152310649e-06	HTRA3	0
ENSG00000160789	3.12495973893168e-10	-0.604536100893949	0.371	0.791	1.0088620021167e-05	LMNA	0.469026548672566
ENSG00000111885	3.40448748724764e-10	-0.877873205729298	0.127	0.461	1.09910474038303e-05	MAN1A1	0.275488069414317
ENSG00000196526	3.98600258631215e-10	-0.631214609046896	0.073	0.357	1.28684107496501e-05	AFAP1	0.204481792717087
ENSG00000108175	4.30357987315781e-10	-0.79050599861535	0.18	0.53	1.38936772625027e-05	ZMIZ1	0.339622641509434
ENSG00000134884	4.36707204826587e-10	-0.674775890176679	0.278	0.722	1.40986554006215e-05	ARGLU1	0.385041551246537
ENSG00000180530	4.53041479581514e-10	-0.719677169629722	0.122	0.443	1.46259911268096e-05	NRIP1	0.275395033860045
ENSG00000050405	5.06006446202873e-10	-0.694747089554623	0.239	0.635	1.63359121092136e-05	LIMA1	0.376377952755905
ENSG00000162849	5.23604636284371e-10	-1.34505187965014	0.059	0.322	1.69040520778046e-05	KIF26B	0.183229813664596
ENSG00000171862	5.32026478416712e-10	-0.724772995403739	0.176	0.548	1.71759428292051e-05	PTEN	0.321167883211679
ENSG00000140937	5.67877430550187e-10	-0.733934286243619	0.171	0.513	1.83333549678822e-05	CDH11	0.333333333333333
ENSG00000100320	6.1549564535622e-10	-0.92445758579385	0.249	0.652	1.98706614146802e-05	RBFOX2	0.381901840490798
ENSG00000130203	6.25567990088679e-10	-2.12584372889094	0.459	0.739	2.01958369920229e-05	APOE	0.621109607577808
ENSG00000171634	7.78245828819985e-10	-0.587266866201502	0.224	0.591	2.51248883376244e-05	BPTF	0.379018612521151
ENSG00000151692	7.81691005654797e-10	-0.714798006305154	0.161	0.513	2.52361124265595e-05	RNF144A	0.313840155945419
ENSG00000145685	7.83893860199974e-10	-0.778195542277864	0.107	0.409	2.5307229382696e-05	LHFPL2	0.26161369193154
ENSG00000120129	8.25217816958306e-10	-1.04032347656914	0.405	0.757	2.66413320026819e-05	DUSP1	0.535006605019815
ENSG00000107562	8.31260955015661e-10	-0.73176610365785	0.102	0.409	2.68364286717256e-05	CXCL12	0.249388753056235
ENSG00000109861	9.66785276044506e-10	-0.789742963504559	0.073	0.339	3.12116958518208e-05	CTSC	0.215339233038348
ENSG00000177200	1.01824052219865e-09	-0.675887599563514	0.268	0.661	3.28728770186612e-05	CHD9	0.405446293494705
ENSG00000075420	1.09203825082731e-09	-0.787933544503816	0.224	0.609	3.52553628897088e-05	FNDC3B	0.367816091954023
ENSG00000172817	1.17476481540019e-09	-0.967490079731998	0.024	0.235	3.79261073003797e-05	CYP7B1	0.102127659574468
ENSG00000132424	1.22238312157704e-09	-0.652295421448962	0.332	0.739	3.94634166969933e-05	PNISR	0.449255751014885
ENSG00000187498	1.23634505559427e-09	-1.21248039151101	0.249	0.626	3.99141637748055e-05	COL4A1	0.39776357827476
ENSG00000171988	1.30430910768694e-09	-0.915740166294134	0.307	0.739	4.2108315232565e-05	JMJD1C	0.415426251691475
ENSG00000154229	1.3478830284607e-09	-1.11025590531092	0.141	0.461	4.35150556908252e-05	PRKCA	0.3058568329718
ENSG00000175084	1.43852138475265e-09	1.88459463846741	0.576	0.261	4.64412243853547e-05	DES	2.20689655172414
ENSG00000106819	1.52813356382112e-09	-0.940226287044153	0.107	0.409	4.93342639744011e-05	ASPN	0.26161369193154
ENSG00000138080	1.57868004033308e-09	-0.621621884400876	0.112	0.4	5.09661064221131e-05	EMILIN1	0.28
ENSG00000156011	1.58421080112116e-09	-1.13806175509639	0.054	0.296	5.11446615033956e-05	PSD3	0.182432432432432
ENSG00000118473	1.71775868043537e-09	-1.22274503858307	0.049	0.287	5.54561212391754e-05	SGIP1	0.170731707317073
ENSG00000064692	1.85481607218941e-09	-1.26523881010955	0.156	0.47	5.98808820745631e-05	SNCAIP	0.331914893617021
ENSG00000145819	1.87045796420113e-09	-1.06335080218091	0.083	0.357	6.03858649162692e-05	ARHGAP26	0.23249299719888
ENSG00000128641	1.90661634977444e-09	-0.635948942121481	0.102	0.391	6.1553202236118e-05	MYO1B	0.260869565217391
ENSG00000113494	1.95360215737898e-09	-1.10513952956945	0.117	0.409	6.3070092048823e-05	PRLR	0.286063569682152
ENSG00000153707	2.03774704982069e-09	-0.941671948315942	0.117	0.417	6.57866257564111e-05	PTPRD	0.280575539568345
ENSG00000197746	2.2572678948468e-09	-0.82373991126973	0.498	0.852	7.28736367172341e-05	PSAP	0.584507042253521
ENSG00000148848	2.38571825950122e-09	-0.647807539423678	0.171	0.513	7.70205282897374e-05	ADAM12	0.333333333333333
ENSG00000163017	2.5082197683587e-09	2.72095298528684	0.346	0.061	8.09753670016921e-05	ACTG2	5.67213114754098
ENSG00000143196	2.54331946285145e-09	-0.68089560728143	0.015	0.209	8.21085255386963e-05	DPT	0.0717703349282297
ENSG00000182667	2.61210298251672e-09	-1.06765585091132	0.063	0.322	8.43291326875698e-05	NTM	0.195652173913043
ENSG00000049618	2.78451517176878e-09	-0.68262974081015	0.22	0.591	8.98952878053833e-05	ARID1B	0.372250423011844
ENSG00000075292	2.98228610311773e-09	-0.799838884214251	0.215	0.565	9.62801245530527e-05	ZNF638	0.380530973451327
ENSG00000170624	2.99798298390932e-09	-0.857859684418323	0.029	0.243	9.67868826525283e-05	SGCD	0.119341563786008
ENSG00000141338	3.0339259403542e-09	-0.68227673666547	0.039	0.261	9.79472650583949e-05	ABCA8	0.149425287356322
ENSG00000142192	3.68580023547297e-09	-0.917951787069172	0.42	0.843	0.000118992374802009	APP	0.498220640569395
ENSG00000182957	4.07003141017231e-09	-0.958522834426461	0.059	0.296	0.000131396894046003	SPATA13	0.199324324324324
ENSG00000003096	4.09626902192674e-09	-1.52651490324327	0.102	0.383	0.000132243949103883	KLHL13	0.266318537859008
ENSG00000165474	4.27081428520004e-09	-0.807452168499055	0.005	0.174	0.000137878968383398	GJB2	0.028735632183908
ENSG00000026025	4.59664361091497e-09	-1.18507348279321	0.624	0.861	0.000148398042334779	VIM	0.724738675958188
ENSG00000040933	4.74804995311865e-09	-0.825920290273042	0.117	0.4	0.000153286044686483	INPP4A	0.2925
ENSG00000152583	4.93602204892225e-09	-0.605609659079393	0.424	0.791	0.000159354535827406	SPARCL1	0.536030341340076
ENSG00000077943	5.02414613060249e-09	-1.37109011760331	0.215	0.548	0.000162199533680371	ITGA8	0.392335766423358
ENSG00000103196	5.72511970285579e-09	-0.717424076896783	0.176	0.513	0.000184829764486996	CRISPLD2	0.34307992202729
ENSG00000155970	6.12135780916099e-09	-0.817799486918423	0.102	0.374	0.000197621915510953	MICU3	0.272727272727273
ENSG00000162599	6.45162965386555e-09	-0.764582950150221	0.263	0.643	0.000208284411745396	NFIA	0.409020217729393
ENSG00000145808	6.49888313088154e-09	-1.57467919631721	0.088	0.348	0.00020980994299738	ADAMTS19	0.252873563218391
ENSG00000124813	6.82134928077761e-09	-0.76304838119289	0.029	0.235	0.000220220440180624	RUNX2	0.123404255319149
ENSG00000158747	7.02585924396074e-09	-0.725025947960828	0.493	0.843	0.000226822839832028	NBL1	0.584816132858837
ENSG00000130508	7.18272982647218e-09	-0.589028475865133	0.049	0.278	0.000231887249717828	PXDN	0.176258992805755
ENSG00000111640	8.12900648207177e-09	1.22530888856743	0.81	0.774	0.000262436845267205	GAPDH	1.04651162790698
ENSG00000170962	8.1921731850944e-09	-1.24603675503844	0.044	0.27	0.000264476119107588	PDGFD	0.162962962962963
ENSG00000162434	9.61482390811509e-09	-0.674554181520621	0.337	0.73	0.000310404975049588	JAK1	0.461643835616438
ENSG00000090339	9.75064569980994e-09	-0.687977156927327	0.117	0.391	0.000314789845772664	ICAM1	0.29923273657289
ENSG00000144619	9.89214416972315e-09	-1.39439755706556	0.098	0.365	0.000319357982375342	CNTN4	0.268493150684932
ENSG00000114115	1.09567877442814e-08	-0.929588299323923	0.034	0.243	0.000353728935536381	RBP1	0.139917695473251
ENSG00000215386	1.13425641020207e-08	-1.35740980277081	0.268	0.617	0.000366183339469636	MIR99AHG	0.434359805510535
ENSG00000139746	1.25689851405539e-08	-0.627476148459833	0.137	0.443	0.000405777116277643	RBM26	0.309255079006772
ENSG00000123636	1.40227345273403e-08	-0.77517234935694	0.195	0.522	0.000452709961480653	BAZ2B	0.373563218390805
ENSG00000157483	1.44484406905427e-08	-0.961279452933582	0.229	0.557	0.000466453459253482	MYO1E	0.41113105924596
ENSG00000162407	1.44674601159395e-08	-0.594796757368873	0.107	0.391	0.000467067482382991	PLPP3	0.273657289002558
ENSG00000143669	1.45713365354178e-08	-1.0009814823196	0.2	0.504	0.000470421028709427	LYST	0.396825396825397
ENSG00000144642	1.54606134664061e-08	-0.690544720277253	0.068	0.313	0.000499130445149454	RBMS3	0.217252396166134
ENSG00000128656	1.6271476293691e-08	-0.599461398475235	0.015	0.191	0.000525308340665519	CHN1	0.0785340314136126
ENSG00000146457	1.62949548437273e-08	-0.631418837800644	0.249	0.6	0.000526066322174891	WTAP	0.415
ENSG00000137331	1.63218803504116e-08	-1.09027940215975	0.195	0.522	0.000526935585232689	IER3	0.373563218390805
ENSG00000173068	1.75693041441429e-08	-0.8005671696219	0.22	0.557	0.000567207414989508	BNC2	0.394973070017953
ENSG00000118849	1.78686086675235e-08	-0.806303250744248	0.068	0.313	0.000576870162222329	RARRES1	0.217252396166134
ENSG00000120738	1.98114840963766e-08	-0.74463311958551	0.278	0.635	0.000639593952567421	EGR1	0.437795275590551
ENSG00000129003	2.13697450733463e-08	-0.704757101506244	0.215	0.539	0.000689900849947913	VPS13C	0.398886827458256
ENSG00000182752	2.16787212063402e-08	-0.613022844325158	0.024	0.217	0.000699875835425486	PAPPA	0.110599078341014
ENSG00000139926	2.62681613952167e-08	-0.781316701004918	0.102	0.374	0.000848041322483176	FRMD6	0.272727272727273
ENSG00000153317	2.73672357546432e-08	-0.621385410239497	0.229	0.574	0.000883523839102903	ASAP1	0.398954703832753
ENSG00000133083	2.87844782188189e-08	-0.888096316890604	0.068	0.304	0.000929278094816349	DCLK1	0.223684210526316
ENSG00000146592	2.88725072525494e-08	-0.728178390278197	0.073	0.322	0.000932120024141304	CREB5	0.226708074534161
ENSG00000150636	3.01709083448561e-08	-1.05765710216914	0.024	0.209	0.000974037605005334	CCDC102B	0.114832535885167
ENSG00000145349	3.12006254841496e-08	-0.955001748009949	0.185	0.504	0.00100728099313028	CAMK2D	0.367063492063492
ENSG00000136826	3.13345928607587e-08	-0.808675205639128	0.088	0.339	0.00101160599591673	KLF4	0.259587020648967
ENSG00000145147	3.14649540451501e-08	-1.41050190149851	0.039	0.243	0.00101581457639362	SLIT2	0.160493827160494
ENSG00000123342	3.5195362452099e-08	-0.612337307990232	0.083	0.33	0.00113624708140357	MMP19	0.251515151515152
ENSG00000131459	3.98363529905292e-08	-0.976579163212505	0.049	0.261	0.00128607681994624	GFPT2	0.187739463601533
ENSG00000121858	4.39886664125276e-08	-1.08589259547024	0.049	0.261	0.00142013010646204	TNFSF10	0.187739463601533
ENSG00000099331	4.51345054520484e-08	-0.696447831672438	0.112	0.374	0.00145712237401393	MYO9B	0.299465240641711
ENSG00000150760	4.88902199502794e-08	-1.12518269319584	0.18	0.461	0.00157837186087482	DOCK1	0.390455531453362
ENSG00000175029	5.00274201581676e-08	-0.865820744220134	0.22	0.539	0.00161508523238628	CTBP2	0.408163265306122
ENSG00000159176	5.03850350731012e-08	1.74513421334888	0.624	0.487	0.0016266304723	CSRP1	1.28131416837782
ENSG00000189337	5.28937495636199e-08	-2.30026989237093	0.093	0.33	0.0017076218109119	KAZN	0.281818181818182
ENSG00000106624	6.60987654504412e-08	-0.600549339062005	0.376	0.739	0.00213393254380204	AEBP1	0.508795669824087
ENSG00000100234	7.41349875479249e-08	-1.62146030176285	0.312	0.626	0.00239337393799721	TIMP3	0.498402555910543
ENSG00000169744	7.41845565644095e-08	-1.0930459072232	0.22	0.539	0.0023949742241254	LDB2	0.408163265306122
ENSG00000189058	8.1063038173794e-08	-1.20020868468892	0.02	0.191	0.00261703912440277	APOD	0.104712041884817
ENSG00000026103	8.22128345698044e-08	-0.626428149028541	0.122	0.391	0.00265415915125157	FAS	0.312020460358056
ENSG00000139174	9.18949569931039e-08	-0.68702478617502	0.078	0.304	0.00296673679156537	PRICKLE1	0.256578947368421
ENSG00000025708	9.2538043112416e-08	-0.703068405076615	0.083	0.322	0.00298749818384124	TYMP	0.257763975155279
ENSG00000112902	1.00680481332056e-07	-1.12528476059919	0.122	0.374	0.00325036865932411	SEMA5A	0.32620320855615
ENSG00000089041	1.02395181023834e-07	-0.63590658518419	0.039	0.235	0.00330572602417346	P2RX7	0.165957446808511
ENSG00000198727	1.08219926927307e-07	-0.79625273872709	0.615	0.843	0.00349377212092118	MT-CYB	0.729537366548043
ENSG00000217128	1.13930205522406e-07	-0.724501546311346	0.2	0.513	0.00367812275508536	FNIP1	0.389863547758285
ENSG00000140262	1.2334290757588e-07	-0.779052855339315	0.224	0.548	0.00398200242817971	TCF12	0.408759124087591
ENSG00000067082	1.24248091273529e-07	-0.589527947040959	0.346	0.704	0.00401122537867461	KLF6	0.491477272727273
ENSG00000167081	1.25664101646913e-07	-0.962021132086901	0.156	0.443	0.00405693985756893	PBX3	0.352144469525959
ENSG00000107863	1.31598992517125e-07	-0.664339953999739	0.137	0.409	0.00424854187442288	ARHGAP21	0.334963325183374
ENSG00000164949	1.33736306815205e-07	-1.19336658632463	0.259	0.583	0.00431754292922209	GEM	0.444253859348199
ENSG00000164733	1.46184184661126e-07	-0.841513590908042	0.444	0.73	0.00471941021759978	CTSB	0.608219178082192
ENSG00000165379	1.52782505558657e-07	-1.60043060880372	0.078	0.304	0.00493243040945569	LRFN5	0.256578947368421
ENSG00000050628	1.5431554768047e-07	1.35278388285042	0.473	0.191	0.00498192314131629	PTGER3	2.47643979057592
ENSG00000167291	1.59719430863675e-07	-0.696296606510007	0.093	0.322	0.00515638210600289	TBC1D16	0.288819875776398
ENSG00000103175	1.62469547255381e-07	1.73062536917105	0.302	0.061	0.00524516686359271	WFDC1	4.95081967213115
ENSG00000087074	1.72660276478307e-07	-0.634317039240886	0.195	0.504	0.00557416436582568	PPP1R15A	0.386904761904762
ENSG00000181555	1.75417796983073e-07	-0.701360739634372	0.156	0.435	0.00566318815780152	SETD2	0.358620689655172
ENSG00000235531	1.803676244123e-07	-0.874703671464269	0.093	0.33	0.00582298838652668	MSC-AS1	0.281818181818182
ENSG00000230590	1.86034515427851e-07	-0.676609596107139	0.239	0.574	0.00600593829607275	FTX	0.416376306620209
ENSG00000085511	1.96811412419953e-07	-0.688836770564235	0.112	0.357	0.00635385963856575	MAP3K4	0.313725490196078
ENSG00000117984	2.02704606168182e-07	-0.809887263385101	0.346	0.687	0.0065441155055336	CTSD	0.503639010189228
ENSG00000053254	2.03575208338728e-07	-0.825488635437108	0.21	0.522	0.0065722220260075	FOXN3	0.402298850574713
ENSG00000156639	2.04093072803314e-07	-0.585520275721239	0.259	0.617	0.0065889407623822	ZFAND3	0.419773095623987
ENSG00000165895	2.13957959782253e-07	-1.03319569723826	0.107	0.348	0.00690741877361024	ARHGAP42	0.307471264367816
ENSG00000154096	2.32151931501569e-07	-1.17729021922313	0.044	0.235	0.00749479295659666	THY1	0.187234042553191
ENSG00000109610	2.3705095097696e-07	1.51860600478977	0.59	0.4	0.00765295290134019	SOD3	1.475
ENSG00000144868	2.41068773134994e-07	-1.11818027280188	0.024	0.191	0.00778266427189015	TMEM108	0.12565445026178
ENSG00000102575	2.83990743923077e-07	-0.754130108615788	0.195	0.496	0.00916835717681261	ACP5	0.393145161290323
ENSG00000013619	2.94959356068412e-07	-0.708048012007573	0.054	0.252	0.00952246785131261	MAMLD1	0.214285714285714
ENSG00000100077	3.19207010705101e-07	-0.773707791096187	0.049	0.235	0.0103052791336035	GRK3	0.208510638297872
ENSG00000162804	3.39438393146738e-07	-1.02770762112134	0.156	0.417	0.0109584290843493	SNED1	0.37410071942446
ENSG00000198712	3.49209294840039e-07	-0.640841828614582	0.654	0.861	0.0112738728746158	MT-CO2	0.759581881533101
ENSG00000204389	3.58947480107019e-07	-0.807251876040745	0.151	0.417	0.011588260447775	HSPA1A	0.3621103117506
ENSG00000137818	4.26541310680452e-07	0.827504645265184	0.922	0.878	0.0137704596740077	RPLP1	1.0501138952164
ENSG00000196935	4.49389089958119e-07	-0.831287920674372	0.21	0.53	0.0145080773802079	SRGAP1	0.39622641509434
ENSG00000140945	4.60010963930471e-07	-1.03266611701811	0.029	0.2	0.0148509939595313	CDH13	0.145
ENSG00000113448	4.87257762620838e-07	-1.496755582508	0.127	0.374	0.0157306296084511	PDE4D	0.339572192513369
ENSG00000106483	5.49273067421076e-07	-0.868996556093946	0.185	0.47	0.017732731708622	SFRP4	0.393617021276596
ENSG00000197535	5.49404394603814e-07	-0.648412487203882	0.151	0.426	0.0177369714753895	MYO5A	0.354460093896714
ENSG00000148082	5.83370241921772e-07	-0.854992121221265	0.024	0.183	0.0188335248902025	SHC3	0.131147540983607
ENSG00000153823	5.85316167892722e-07	-0.977787979744453	0.039	0.217	0.0188963471642486	PID1	0.179723502304147
ENSG00000144724	6.1981588588792e-07	-0.717461817505258	0.19	0.478	0.0200101360600056	PTPRG	0.397489539748954
ENSG00000272841	6.40600932705804e-07	-0.614539471422406	0.015	0.157	0.0206811605114742	AL139393.3	0.0955414012738853
ENSG00000112773	6.47199266334685e-07	-0.607790539928364	0.059	0.252	0.020894181114349	TENT5A	0.234126984126984
ENSG00000244694	6.59322051523924e-07	-0.788685201615459	0.029	0.191	0.0212855531113984	PTCHD4	0.151832460732984
ENSG00000189043	6.83016229901748e-07	1.20412275146524	0.751	0.678	0.022050495966148	NDUFA4	1.10766961651917
ENSG00000231607	7.26960127395973e-07	-1.1378188019237	0.137	0.374	0.0234691807528516	DLEU2	0.366310160427808
ENSG00000127184	7.89589930030241e-07	0.9358658286368	0.785	0.739	0.0254911213010963	COX7C	1.06224627875507
ENSG00000171310	8.03249583516993e-07	-1.08246960189431	0.21	0.487	0.0259321095542626	CHST11	0.431211498973306
ENSG00000177103	8.40375453975773e-07	-0.71212552867234	0.015	0.157	0.0271306811561538	DSCAML1	0.0955414012738853
ENSG00000198886	8.62360355476876e-07	-0.634185401432841	0.59	0.817	0.0278404417162155	MT-ND4	0.722154222766218
ENSG00000132334	8.75937188354589e-07	-0.848406600990714	0.078	0.287	0.0282787561888395	PTPRE	0.271777003484321
ENSG00000135540	8.86711477322092e-07	-0.632722474825822	0.088	0.304	0.0286265933338664	NHSL1	0.289473684210526
ENSG00000105855	8.87235168262718e-07	-1.02107407016914	0.059	0.243	0.0286435001721936	ITGB8	0.242798353909465
ENSG00000132386	9.12878537429377e-07	-0.646598788617389	0.429	0.739	0.02947137070237	SERPINF1	0.580514208389716
ENSG00000187098	1.00129672186812e-06	-0.589284865647796	0.268	0.6	0.0323258633687903	MITF	0.446666666666667
ENSG00000276644	1.04279668554233e-06	-2.04314640133435	0.073	0.27	0.0336656481960485	DACH1	0.27037037037037
ENSG00000148143	1.04822853727155e-06	-0.604533149938145	0.117	0.348	0.0338410100972747	ZNF462	0.336206896551724
ENSG00000225746	1.12503557751297e-06	-1.04894201624401	0.034	0.2	0.0363206485844289	MEG8	0.17
ENSG00000160932	1.24776151555922e-06	-0.636535646237964	0.322	0.67	0.0402827327683139	LY6E	0.480597014925373
ENSG00000075624	1.25161264505731e-06	1.02184677933736	0.956	0.922	0.04040706263303	ACTB	1.03687635574837
ENSG00000196782	1.26972138660824e-06	-1.30822876568797	0.102	0.322	0.0409916852452605	MAML3	0.316770186335404
ENSG00000136156	1.34052640534593e-06	-0.715841809108539	0.644	0.861	0.0432775544701881	ITM2B	0.747967479674797
ENSG00000160888	1.3541571665789e-06	-0.939382287212222	0.278	0.591	0.0437176099658332	IER2	0.470389170896785
ENSG00000198763	1.42892614116555e-06	-0.812455258239817	0.571	0.817	0.0461314515413887	MT-ND2	0.698898408812729
ENSG00000048471	1.44476149075558e-06	-0.603458816791628	0.151	0.4	0.046642679967553	SNX29	0.3775
ENSG00000151491	1.47258753328543e-06	-1.00151504213029	0.273	0.583	0.047541015924587	EPS8	0.468267581475129
ENSG00000164741	1.52401242653279e-06	-1.29381706431	0.088	0.296	0.0492012171781847	DLC1	0.297297297297297
ENSG00000075151	1.55978083614177e-06	-0.839419719998062	0.2	0.47	0.0503559645140008	EIF4G3	0.425531914893617
ENSG00000124496	1.64158125477298e-06	-0.747617908249934	0.132	0.365	0.052996809229091	TRERF1	0.361643835616438
ENSG00000109339	1.66893882746412e-06	-0.947824523962132	0.19	0.443	0.0538800211058516	MAPK10	0.428893905191874
ENSG00000188641	1.68205455777637e-06	-1.02551779418058	0.156	0.4	0.0543034493432523	DPYD	0.39
ENSG00000185305	1.93277021361709e-06	-1.4778400695285	0.112	0.322	0.0623975535764141	ARL15	0.347826086956522
ENSG00000167641	1.95179985800544e-06	2.23912925939308	0.298	0.087	0.0630119066158476	PPP1R14A	3.42528735632184
ENSG00000069667	1.95422154717389e-06	-1.3376834687181	0.19	0.443	0.0630900884289619	RORA	0.428893905191874
ENSG00000171223	1.97250476306196e-06	-0.690488018164783	0.4	0.713	0.0636803437706925	JUNB	0.561009817671809
ENSG00000064763	1.9905628320566e-06	-0.605404599899317	0.029	0.183	0.0642633304701154	FAR2	0.158469945355191
ENSG00000206052	2.27620366626369e-06	-0.654413979516596	0.054	0.235	0.073484959161657	DOK6	0.229787234042553
ENSG00000004846	2.31930853646594e-06	-1.13968447758518	0.132	0.357	0.0748765567912663	ABCB5	0.369747899159664
ENSG00000033327	2.33151821276824e-06	-0.769726775129321	0.151	0.391	0.0752707339810098	GAB2	0.38618925831202
ENSG00000104375	2.34302666669227e-06	-0.693651271046203	0.215	0.487	0.0756422729074931	STK3	0.441478439425051
ENSG00000158321	2.34327724478677e-06	-1.1766815056712	0.156	0.391	0.075650362570696	AUTS2	0.398976982097187
ENSG00000198369	2.37248831848625e-06	-0.955164162910471	0.083	0.287	0.0765934128740102	SPRED2	0.289198606271777
ENSG00000144810	2.37653846803377e-06	-0.778623737813159	0.039	0.2	0.0767241679020022	COL8A1	0.195
ENSG00000128918	2.456692456578e-06	-0.911123708185732	0.337	0.6	0.0793118592681641	ALDH1A2	0.561666666666667
ENSG00000197584	2.55252334011056e-06	-1.01302603491026	0	0.104	0.0824056635121295	KCNMB2	0
ENSG00000133121	2.56964118505836e-06	-0.668387502190434	0.059	0.243	0.082958296018424	STARD13	0.242798353909465
ENSG00000151746	2.76766615223429e-06	-0.976510804217522	0.21	0.478	0.0893513340587317	BICD1	0.439330543933054
ENSG00000275443	2.93647661430764e-06	-0.751510968202773	0.02	0.157	0.0948012110163079	AC012409.2	0.127388535031847
ENSG00000118922	2.94298434242502e-06	-0.879372555905343	0.102	0.313	0.0950113065108492	KLF12	0.325878594249201
ENSG00000182901	2.9778335528544e-06	-1.29845653503504	0.02	0.157	0.0961363784203514	RGS7	0.127388535031847
ENSG00000215018	3.01974897766018e-06	-0.656327687825179	0.02	0.157	0.0974895759947813	COL28A1	0.127388535031847
ENSG00000185420	3.14051262239489e-06	-0.912229824763782	0.146	0.383	0.101388309501397	SMYD3	0.381201044386423
ENSG00000187608	3.18769638007044e-06	-0.98758322671418	0.117	0.357	0.102911589934194	ISG15	0.327731092436975
ENSG00000145743	3.49807012451711e-06	-0.97843768639487	0.117	0.33	0.11293169589991	FBXL17	0.354545454545455
ENSG00000106034	3.56903187679408e-06	-0.70985981801599	0.068	0.261	0.11522262511042	CPED1	0.260536398467433
ENSG00000197959	3.60018147844316e-06	-0.598259884389292	0.054	0.226	0.116228258850059	DNM3	0.238938053097345
ENSG00000147202	3.82821057736775e-06	-0.625305001094959	0.146	0.383	0.12358995027974	DIAPH2	0.381201044386423
ENSG00000137601	3.99212421985672e-06	-0.609757232559618	0.117	0.33	0.128881738313854	NEK1	0.354545454545455
ENSG00000165124	4.10473095414768e-06	-0.592472700343291	0.054	0.226	0.132517134123704	SVEP1	0.238938053097345
ENSG00000145687	4.41909710121718e-06	-0.666291832159472	0.18	0.443	0.142666130815695	SSBP2	0.406320541760722
ENSG00000196569	4.48853712852229e-06	-0.943641277245087	0.059	0.235	0.144907932657214	LAMA2	0.251063829787234
ENSG00000103489	4.74398758184502e-06	-0.808973286443326	0.068	0.252	0.153154895092285	XYLT1	0.26984126984127
ENSG00000185274	4.76683390531775e-06	1.02470467137703	0.18	0.009	0.153892465799278	GALNT17	20
ENSG00000248869	5.50245284757259e-06	-1.06054743230794	0.005	0.113	0.177641187731034	LINC02511	0.0442477876106195
ENSG00000183780	6.08718483070076e-06	-1.52410894460909	0.005	0.113	0.196518675074344	SLC35F3	0.0442477876106195
ENSG00000128512	6.79127117524928e-06	-1.3973593421979	0.122	0.33	0.219249398621748	DOCK4	0.36969696969697
ENSG00000132549	7.71762919846786e-06	-1.29701507610855	0.176	0.391	0.249155941043336	VPS13B	0.450127877237852
ENSG00000117020	7.78538999463183e-06	-0.6917630956583	0.195	0.443	0.251343530586694	AKT3	0.440180586907449
ENSG00000106211	7.80997541550541e-06	1.29982369032914	0.756	0.722	0.252137246314177	HSPB1	1.04709141274238
ENSG00000152413	7.86839180752448e-06	-0.61922960435023	0.146	0.365	0.25402316111412	HOMER1	0.4
ENSG00000135047	7.96258955871632e-06	-0.671109925746536	0.268	0.557	0.257064241313598	CTSL	0.481149012567325
ENSG00000116251	8.14917444962664e-06	0.901253484000572	0.771	0.739	0.263087947931746	RPL22	1.04330175913396
ENSG00000237187	8.56681063116867e-06	-0.763873145375097	0.127	0.339	0.276570914416649	NR2F1-AS1	0.374631268436578
ENSG00000118181	8.57942134062573e-06	0.842981132477166	0.834	0.8	0.276978038560761	RPS25	1.0425
ENSG00000170345	8.91447645649823e-06	-1.05435052716531	0.351	0.643	0.287794957921589	FOS	0.545878693623639
ENSG00000109756	9.47631813732713e-06	-0.651502478993947	0.098	0.296	0.305933454745469	RAPGEF2	0.331081081081081
ENSG00000137145	9.58220876795941e-06	-0.621169267914937	0.161	0.391	0.309352027864802	DENND4C	0.411764705882353
ENSG00000074054	9.93016547019329e-06	-0.759543849571977	0.132	0.339	0.32058546203972	CLASP1	0.389380530973451
ENSG00000214510	1.00374287513079e-05	-0.792602249637111	0.01	0.122	0.324048349807223	SPINK13	0.0819672131147541
ENSG00000239268	1.00552172567461e-05	-1.29760704629927	0.054	0.209	0.324622633916792	AC092691.1	0.258373205741627
ENSG00000267659	1.09526476851161e-05	-0.970736585151825	0.039	0.183	0.353595277866289	LINC01482	0.213114754098361
ENSG00000009413	1.19352423316601e-05	-0.898459739756658	0.293	0.574	0.385317363435314	REV3L	0.510452961672474
ENSG00000125730	1.23188752382154e-05	-1.08641808341897	0.073	0.243	0.397702568190547	C3	0.300411522633745
ENSG00000065978	1.25695554071286e-05	1.14671028958733	0.766	0.757	0.405795526763741	YBX1	1.01188903566711
ENSG00000146555	1.3065306295661e-05	-1.60010975272915	0.156	0.374	0.42180034844912	SDK1	0.417112299465241
ENSG00000177694	1.32460642215603e-05	-1.077838664465	0.127	0.33	0.427635937328852	NAALADL2	0.384848484848485
ENSG00000102265	1.35029664963947e-05	-1.99446853578206	0.483	0.73	0.435929770369607	TIMP1	0.661643835616438
ENSG00000175198	1.46870180931096e-05	-0.626716135054243	0.102	0.296	0.474155692117949	PCCA	0.344594594594595
ENSG00000068697	1.47019818949458e-05	-0.616724892130379	0.459	0.713	0.474638783496429	LAPTM4A	0.643758765778401
ENSG00000107317	1.4742554906644e-05	-1.26465767329998	0.424	0.661	0.475948642606096	PTGDS	0.641452344931921
ENSG00000130208	1.49243223240852e-05	-1.19025320131305	0.268	0.522	0.481816821910768	APOC1	0.513409961685824
ENSG00000166068	1.56155832838186e-05	-0.735552390346536	0.185	0.426	0.504133490734799	SPRED1	0.434272300469484
ENSG00000171914	1.57153978615859e-05	-0.590550641027412	0.049	0.2	0.507355904563439	TLN2	0.245
ENSG00000151572	1.60627251055312e-05	-1.74549510846027	0.044	0.191	0.518569017306968	ANO4	0.230366492146597
ENSG00000184838	1.6497783600962e-05	-0.72303178288193	0.034	0.174	0.532614445773457	PRR16	0.195402298850575
ENSG00000149256	1.65254237756107e-05	-0.743193605085887	0.083	0.261	0.533506781171815	TENM4	0.318007662835249
ENSG00000142937	1.685184647362e-05	0.695100293627687	0.888	0.861	0.544045011554347	RPS8	1.03135888501742
ENSG00000100906	1.75708593905659e-05	-0.684982200395333	0.337	0.626	0.567257624565031	NFKBIA	0.538338658146965
ENSG00000008513	1.78455165747074e-05	-0.803928814036799	0.161	0.374	0.576124657097855	ST3GAL1	0.43048128342246
ENSG00000184384	1.81574534988661e-05	-1.14476286180696	0.2	0.426	0.586195228757394	MAML2	0.469483568075117
ENSG00000107518	2.12674890000624e-05	-1.52914448356742	0.18	0.391	0.686599614878015	ATRNL1	0.460358056265985
ENSG00000107249	2.19076061658197e-05	-2.00813320154807	0.112	0.304	0.707265157457325	GLIS3	0.368421052631579
ENSG00000133401	2.19793229485211e-05	-1.11522699739487	0.078	0.243	0.709580462070056	PDZD2	0.320987654320988
ENSG00000133112	2.27402188281493e-05	0.798964012605992	0.922	0.904	0.734145224647972	TPT1	1.01991150442478
ENSG00000139173	2.42970192140528e-05	-0.600604941454583	0.117	0.313	0.78440496830648	TMEM117	0.373801916932907
ENSG00000120549	2.4689620652309e-05	-0.850702078383848	0.068	0.235	0.797079713139143	KIAA1217	0.28936170212766
ENSG00000143995	2.52458106408488e-05	-0.683054911193193	0.083	0.252	0.815035750729164	MEIS1	0.329365079365079
ENSG00000133812	2.61525745326392e-05	-0.68616492251099	0.234	0.487	0.844309716211724	SBF2	0.480492813141684
ENSG00000151694	2.67566903566518e-05	-0.613912071864199	0.176	0.4	0.863812991474145	ADAM17	0.44
ENSG00000096968	2.73625437095869e-05	-0.604384826947781	0.137	0.348	0.883372361120304	JAK2	0.39367816091954
ENSG00000109689	3.34910321130475e-05	-0.655472726754782	0.117	0.304	1	STIM2	0.384868421052632
ENSG00000138326	3.44251185158082e-05	0.762049731734576	0.844	0.843	1	RPS24	1.0011862396204
ENSG00000083067	3.50055513494274e-05	-0.67582649072432	0.073	0.243	1	TRPM3	0.300411522633745
ENSG00000196531	3.83397833326198e-05	0.779322177262647	0.776	0.748	1	NACA	1.03743315508021
ENSG00000133392	3.9099188874272e-05	1.354312943787	0.556	0.348	1	MYH11	1.59770114942529
ENSG00000103222	4.91959963201214e-05	-0.73793625218895	0.098	0.27	1	ABCC1	0.362962962962963
ENSG00000143947	5.10968340324225e-05	0.644667576780918	0.873	0.861	1	RPS27A	1.01393728222997
ENSG00000171863	5.43769506921945e-05	0.706843768335129	0.82	0.809	1	RPS7	1.01359703337454
ENSG00000164808	5.50633308027454e-05	-0.656868521851345	0.171	0.383	1	SPIDR	0.446475195822454
ENSG00000163682	5.80485281205255e-05	0.687510475712785	0.849	0.817	1	RPL9	1.03916768665851
ENSG00000115504	5.8735245688068e-05	-0.705372588437858	0.176	0.391	1	EHBP1	0.450127877237852
ENSG00000107779	5.92174411419992e-05	-0.663187064210508	0.146	0.339	1	BMPR1A	0.430678466076696
ENSG00000197747	6.27089563668572e-05	-0.964159730207481	0.268	0.496	1	S100A10	0.540322580645161
ENSG00000148926	6.33132358158989e-05	-0.882502986949686	0.078	0.235	1	ADM	0.331914893617021
ENSG00000100731	6.82644005092306e-05	-0.722546886850692	0.166	0.365	1	PCNX1	0.454794520547945
ENSG00000247199	7.15979547465333e-05	-0.762400083559946	0.029	0.148	1	AC011346.1	0.195945945945946
ENSG00000165323	7.37985142204457e-05	-0.632560255188987	0.01	0.104	1	FAT3	0.0961538461538462
ENSG00000235244	7.61401562466535e-05	-0.943109003737925	0.102	0.27	1	DANT2	0.377777777777778
ENSG00000084207	8.64464930568318e-05	1.18035554624029	0.751	0.809	1	GSTP1	0.928306551297899
ENSG00000227954	8.90634815297159e-05	-0.94475849465163	0.059	0.2	1	TARID	0.295
ENSG00000174373	9.20370812851314e-05	-0.610197369746561	0.195	0.4	1	RALGAPA1	0.4875
ENSG00000169306	9.39685220046281e-05	-1.69336698460056	0.054	0.191	1	IL1RAPL1	0.282722513089005
ENSG00000117318	9.443202413127e-05	-0.656636250388224	0.205	0.417	1	ID3	0.491606714628297
ENSG00000211445	9.44395126827464e-05	1.69743898245919	0.293	0.13	1	GPX3	2.25384615384615
ENSG00000080298	9.54595500800309e-05	-0.678127538219142	0.107	0.278	1	RFX3	0.384892086330935
ENSG00000186468	0.000102538159043025	0.636878012573987	0.844	0.791	1	RPS23	1.06700379266751
ENSG00000187391	0.000124000654332814	-0.984180241199383	0.141	0.322	1	MAGI2	0.437888198757764
ENSG00000228253	0.000127288909401121	-0.642950826390897	0.21	0.426	1	MT-ATP8	0.492957746478873
ENSG00000124172	0.000134779052319343	0.892540205449634	0.761	0.713	1	ATP5F1E	1.06732117812062
ENSG00000188312	0.000138122057692666	-0.76478032473071	0.083	0.235	1	CENPP	0.353191489361702
ENSG00000119778	0.000145482351551886	-0.595140452586663	0.161	0.348	1	ATAD2B	0.46264367816092
ENSG00000169398	0.000147674325050122	-0.662379490639806	0.239	0.47	1	PTK2	0.508510638297872
ENSG00000157654	0.000148503848049698	-0.614959358781242	0.156	0.348	1	PALM2-AKAP2	0.448275862068966
ENSG00000067141	0.000149432132589076	-0.599301694057126	0.127	0.304	1	NEO1	0.417763157894737
ENSG00000172985	0.000162242480664892	-0.749089353164817	0.083	0.235	1	SH3RF3	0.353191489361702
ENSG00000169567	0.000165751620673107	1.05125715388027	0.673	0.696	1	HINT1	0.966954022988506
ENSG00000227220	0.000174268380574153	-0.634627759768458	0.029	0.139	1	AL133346.1	0.20863309352518
ENSG00000021645	0.000184246333650663	-1.26699080668529	0.054	0.183	1	NRXN3	0.295081967213115
ENSG00000125740	0.000214113631981519	-0.814830096075023	0.176	0.365	1	FOSB	0.482191780821918
ENSG00000174482	0.000219891127476127	-0.900202745339343	0.034	0.148	1	LINGO2	0.22972972972973
ENSG00000136942	0.000222960251629235	0.733414575906727	0.82	0.739	1	RPL35	1.10960757780785
ENSG00000188846	0.000238524393289975	0.70040085190918	0.815	0.843	1	RPL14	0.966785290628707
ENSG00000171791	0.000261454401866016	-1.06261483100033	0.18	0.357	1	BCL2	0.504201680672269
ENSG00000174748	0.000265068122311477	0.594711273095837	0.859	0.774	1	RPL15	1.10981912144703
ENSG00000130226	0.000273624749950636	-1.27454186701825	0.18	0.357	1	DPP6	0.504201680672269
ENSG00000258537	0.000283183477554956	0.841608787026459	0.107	0	1	FRMD6-AS2	Inf
ENSG00000240972	0.000304243626998789	1.21362840716465	0.663	0.678	1	MIF	0.97787610619469
ENSG00000156508	0.000320792334993128	0.906973485438666	0.951	0.948	1	EEF1A1	1.00316455696203
ENSG00000108298	0.000332486482045542	0.601732779019777	0.859	0.809	1	RPL19	1.06180469715698
ENSG00000196262	0.000354589484256482	0.769985934138472	0.756	0.748	1	PPIA	1.01069518716578
ENSG00000099250	0.000377746330110311	-0.684235062260002	0.117	0.278	1	NRP1	0.420863309352518
ENSG00000185008	0.000379088476093362	-0.753345696584479	0.02	0.113	1	ROBO2	0.176991150442478
ENSG00000197956	0.000382420255567046	0.614427755316728	0.893	0.809	1	S100A6	1.10383189122373
ENSG00000156482	0.000406878209459976	0.653853331276379	0.844	0.835	1	RPL30	1.01077844311377
ENSG00000154447	0.000415823039116242	-0.617474336692652	0.107	0.261	1	SH3RF1	0.409961685823755
ENSG00000116991	0.000419744285169167	-1.04239781254364	0.093	0.235	1	SIPA1L2	0.395744680851064
ENSG00000166923	0.000436905998485931	1.38723827861292	0.22	0.07	1	GREM1	3.14285714285714
ENSG00000164946	0.000441230689834721	-0.685656749722356	0.024	0.122	1	FREM1	0.19672131147541
ENSG00000112182	0.000443265553941158	-0.700884084557149	0.102	0.243	1	BACH2	0.419753086419753
ENSG00000188352	0.000478001128201559	-0.613864932025999	0.102	0.243	1	FOCAD	0.419753086419753
ENSG00000134909	0.000532881729791158	-0.752552777182629	0.127	0.278	1	ARHGAP32	0.456834532374101
ENSG00000197728	0.000544241299135754	0.929126418023145	0.722	0.774	1	RPS26	0.9328165374677
ENSG00000144713	0.000544858363435669	0.611713883384975	0.883	0.817	1	RPL32	1.08078335373317
ENSG00000157764	0.000557514311236572	-0.59708741147222	0.156	0.33	1	BRAF	0.472727272727273
ENSG00000198034	0.00057557447237961	0.649824605374326	0.863	0.843	1	RPS4X	1.02372479240807
ENSG00000173641	0.000579270811896885	0.765458631498342	0.171	0.043	1	HSPB7	3.97674418604651
ENSG00000178980	0.00060273543459403	1.21275507757778	0.576	0.574	1	SELENOW	1.00348432055749
ENSG00000109475	0.000611483770696071	0.591541271988943	0.859	0.87	1	RPL34	0.98735632183908
ENSG00000167996	0.000656100101967738	0.761086089678932	0.927	0.896	1	FTH1	1.03459821428571
ENSG00000121769	0.000661098519825798	1.16642813773964	0.244	0.104	1	FABP3	2.34615384615385
ENSG00000110700	0.000665129462555317	0.622767621264774	0.795	0.8	1	RPS13	0.99375
ENSG00000017427	0.000672485046954521	-0.755977679810525	0.098	0.243	1	IGF1	0.403292181069959
ENSG00000198668	0.000727771582939666	0.979664825703443	0.717	0.765	1	CALM1	0.937254901960784
ENSG00000166165	0.000746824630887995	1.44386062976334	0.395	0.27	1	CKB	1.46296296296296
ENSG00000154493	0.000753961411013034	-0.648059693673556	0.083	0.217	1	C10orf90	0.382488479262673
ENSG00000197943	0.000782357434834539	-0.79788320338478	0.224	0.409	1	PLCG2	0.547677261613692
ENSG00000134532	0.000791368142871222	-0.863784748135752	0.146	0.304	1	SOX5	0.480263157894737
ENSG00000145936	0.000870940196600864	0.903551654029616	0.19	0.061	1	KCNMB1	3.11475409836066
ENSG00000117569	0.00090624632681867	-0.599622959875481	0.18	0.357	1	PTBP2	0.504201680672269
ENSG00000113391	0.000985680522648219	-0.617374340673384	0.195	0.374	1	FAM172A	0.521390374331551
ENSG00000185664	0.00103885837144286	-0.78852358835404	0.322	0.513	1	PMEL	0.627680311890838
ENSG00000167283	0.00107427617449973	0.917698718811408	0.698	0.748	1	ATP5MG	0.933155080213904
ENSG00000067798	0.00120383977900232	-0.664543868253532	0.122	0.278	1	NAV3	0.438848920863309
ENSG00000156103	0.00120551467002326	-0.829403788547004	0.093	0.226	1	MMP16	0.411504424778761
ENSG00000185052	0.00121519959775765	-1.01357689239907	0.068	0.183	1	SLC24A3	0.371584699453552
ENSG00000135821	0.00129465993080874	1.46857886659001	0.512	0.487	1	GLUL	1.05133470225873
ENSG00000145741	0.00142475731964905	0.816971420161673	0.673	0.748	1	BTF3	0.899732620320856
ENSG00000033867	0.00156529999248791	-0.629938821011872	0.146	0.304	1	SLC4A7	0.480263157894737
ENSG00000187720	0.00163841176185192	-1.222734405348	0.2	0.348	1	THSD4	0.574712643678161
ENSG00000100097	0.00188761087594424	-0.64589884980494	0.737	0.783	1	LGALS1	0.94125159642401
ENSG00000157168	0.00196923530352723	-1.2317637144192	0.083	0.2	1	NRG1	0.415
ENSG00000133424	0.00202955322297079	-0.676268813336479	0.176	0.322	1	LARGE1	0.546583850931677
ENSG00000174945	0.00208719576786354	-0.628615552122213	0.029	0.113	1	AMZ1	0.256637168141593
ENSG00000198755	0.00221647128385502	0.618581617047503	0.815	0.739	1	RPL10A	1.10284167794317
ENSG00000122406	0.00239342834787099	0.587279910921104	0.873	0.835	1	RPL5	1.04550898203593
ENSG00000140319	0.00239889229632234	0.654943860242012	0.707	0.678	1	SRP14	1.04277286135693
ENSG00000135905	0.00241702557999597	-1.09977737647101	0.093	0.209	1	DOCK10	0.444976076555024
ENSG00000148303	0.0025025851847829	0.620785736219479	0.81	0.835	1	RPL7A	0.970059880239521
ENSG00000182253	0.00262573330174455	0.708334233674812	0.195	0.078	1	SYNM	2.5
ENSG00000176046	0.00272059909008023	0.942438076973068	0.659	0.661	1	NUPR1	0.996974281391831
ENSG00000140836	0.00312376860339025	1.2744930433557	0.185	0.383	1	ZFHX3	0.483028720626632
ENSG00000173915	0.00370707301185126	1.34675125969873	0.541	0.6	1	ATP5MD	0.901666666666667
ENSG00000172809	0.00385757582223439	0.813152257408945	0.737	0.765	1	RPL38	0.963398692810458
ENSG00000182718	0.0038971612714621	-0.600665483303427	0.395	0.626	1	ANXA2	0.630990415335463
ENSG00000164120	0.00440482930425258	1.51625543365668	0.39	0.313	1	HPGD	1.24600638977636
ENSG00000125534	0.00449382674479434	0.927016910120076	0.61	0.652	1	PPDPF	0.935582822085889
ENSG00000156467	0.00522907997192527	0.812312121091684	0.712	0.722	1	UQCRB	0.986149584487535
ENSG00000158258	0.00544007888654902	1.19987916929075	0.176	0.07	1	CLSTN2	2.51428571428571
ENSG00000164405	0.00573872711309443	1.08336608497157	0.6	0.652	1	UQCRQ	0.920245398773006
ENSG00000147099	0.00622139293481884	-0.636021170119794	0.156	0.287	1	HDAC8	0.543554006968641
ENSG00000168653	0.00689009375637508	0.860767631341056	0.61	0.643	1	NDUFS5	0.948678071539658
ENSG00000253496	0.0071309627008829	-0.663103180776091	0.054	0.139	1	AC011586.2	0.388489208633093
ENSG00000196683	0.00714606140929521	0.869654131798791	0.61	0.696	1	TOMM7	0.876436781609195
ENSG00000197756	0.007190392745251	0.613019405730557	0.878	0.904	1	RPL37A	0.971238938053097
ENSG00000089220	0.00744730251326125	0.970890321479029	0.654	0.73	1	PEBP1	0.895890410958904
ENSG00000118816	0.00797995946058855	0.699086912209567	0.698	0.713	1	CCNI	0.978962131837307
ENSG00000112562	0.00870126252617312	0.884682682461595	0.283	0.174	1	SMOC2	1.6264367816092
ENSG00000131143	0.00876352868769595	0.588489880472799	0.707	0.748	1	COX4I1	0.945187165775401
ENSG00000122026	0.00942607816988501	0.590663993381455	0.868	0.809	1	RPL21	1.07292954264524
ENSG00000197321	0.00951906563347437	0.592479764052362	0.332	0.591	1	SVIL	0.56175972927242
