dc_nonlam_p_val	dc_nonlam_delta	sc_nonlam_p_val	sc_nonlam_delta	id	LAM3.pct	Other.pct	pct.fc	rra
ABL1	0.999999973666458	-0.220012608453551	0.999999977374571	-0.220913475100757	ENSG00000097007	0.195	0.216	0.902777777777778	0.253711589370753
APEX1	0.992978695632784	-0.0992984401331492	0.999999101685822	-0.193046462396636	ENSG00000100823	0.234	0.287	0.815331010452962	0.0350544856995394
ARID1A	0.819337685992673	-0.0369045020028798	0.99427873272297	-0.0997441514191869	ENSG00000117713	0.132	0.281	0.469750889679715	0.620282509066799
ARID1B	5.18973025613423e-05	0.156923978874708	0.995518236357993	-0.0835194756453247	ENSG00000049618	0.22	0.417	0.52757793764988	0.0584611406215243
ARID4A	0.0132399716142519	0.0897142983297479	0.996849522934145	-0.0899252568911086	ENSG00000032219	0.137	0.201	0.681592039800995	0.119564143266135
ARID5B	0.999999999999536	-0.288684526189524	0.970598175052593	-0.0758317531882952	ENSG00000150347	0.468	0.403	1.16129032258065	0.206837566114794
ARNT	0.999972178552626	-0.162948317605473	0.99999999858318	-0.240181964024206	ENSG00000143437	0.146	0.149	0.979865771812081	0.168305669189599
ATF1	0.999999999999998	-0.31896517466633	1	-0.366934085261601	ENSG00000123268	0.102	0.186	0.548387096774194	1
ATF2	0.896864516822928	-0.0510964939177703	0.999999714947257	-0.202184402312695	ENSG00000115966	0.112	0.198	0.565656565656566	1
ATF3	1	-0.363706541923108	0.999999999999998	-0.317306696953121	ENSG00000162772	0.229	0.333	0.687687687687688	1
ATF4	0.99999999999954	-0.288733095718768	0.999999999999869	-0.295655480139233	ENSG00000128272	0.185	0.494	0.374493927125506	1
ATF6	1	-0.433744538994218	1	-0.350656179246093	ENSG00000118217	0.107	0.353	0.303116147308782	1
ATF7	1	-0.357094217527713	1	-0.464341257362086	ENSG00000170653	0.107	0.243	0.440329218106996	1
BACH1	0.999999999998989	-0.284330930204605	0.999999995098012	-0.231818560919191	ENSG00000156273	0.21	0.219	0.958904109589041	0.468011876665118
BACH2	2.13819939833298e-06	0.185867738794053	0.874904222052477	-0.0460261294255304	ENSG00000112182	0.102	0.074	1.37837837837838	0.0107764249272524
BCL6	0.0410085274982979	0.0703088089917407	0.999999999999965	-0.302778397843317	ENSG00000113916	0.171	0.268	0.638059701492537	0.558344962829766
BCLAF1	0.999999999999468	-0.287925320669278	0.999999985879528	-0.224457210980638	ENSG00000029363	0.249	0.433	0.575057736720554	0.511518722472479
BHLHE40	1.45651948778617e-06	0.189077007233916	0.987219855879441	-0.0902592337298209	ENSG00000134107	0.185	0.317	0.583596214511041	0.114673554825321
BRD4	0.996703733667267	-0.10983336726659	0.999346224506772	-0.128575440989248	ENSG00000141867	0.205	0.381	0.538057742782152	0.37233617585362
CEBPB	0.277061358276297	0.0239171815936202	0.999013803677153	-0.125099162788872	ENSG00000172216	0.38	0.557	0.682226211849192	0.00872414004421508
CEBPD	0.999999538843888	-0.198402356848672	0.999999999972228	-0.265017305961051	ENSG00000221869	0.454	0.775	0.585806451612903	0.186988598341373
CEBPZ	1.12407647669127e-18	0.35350792198458	4.55248339628942e-10	0.243656034518708	ENSG00000115816	0.117	0.299	0.391304347826087	0.00293620443689964
CLOCK	1	-0.405833249522277	1	-0.488772221172881	ENSG00000134852	0.127	0.218	0.58256880733945	1
CREB3	1	-0.342121801586114	1	-0.380042093592011	ENSG00000107175	0.102	0.162	0.62962962962963	1
CREBBP	0.999999999329278	-0.245089816834003	0.99999999999743	-0.279015633010599	ENSG00000005339	0.21	0.291	0.721649484536082	0.308381390319051
CREBZF	0.967817680585949	-0.0747776962834498	0.999999999994307	-0.266418217988878	ENSG00000137504	0.122	0.173	0.705202312138728	0.996987266891387
CREM	3.47301242518781e-10	0.249333395476165	0.000133616141255533	0.147367065443761	ENSG00000095794	0.263	0.263	1	0.000243405094455905
CTBP2	0.1650375752027	0.0393756607786333	0.980955062104486	-0.0793001817677837	ENSG00000175029	0.22	0.318	0.691823899371069	0.00609688809563958
CTNNB1	1	-0.362771946436149	1	-0.467595415821402	ENSG00000168036	0.268	0.531	0.504708097928437	1
CUX1	0.999999999999292	-0.286330866426436	1	-0.425496427195993	ENSG00000257923	0.302	0.428	0.705607476635514	1
DDIT3	1	-0.41559045093619	1	-0.326947012606001	ENSG00000175197	0.127	0.177	0.717514124293785	1
DMTF1	1	-0.366176719496251	0.999999999999958	-0.301679696219672	ENSG00000135164	0.122	0.206	0.592233009708738	1
EGR1	1	-0.557458488997039	1	-0.516467891371059	ENSG00000120738	0.278	0.469	0.592750533049041	1
ELF1	1	-0.428365586280825	1	-0.410569759826131	ENSG00000120690	0.185	0.409	0.452322738386308	1
ELF2	0.999999999999995	-0.312875585961934	0.999999998900003	-0.241853687972664	ENSG00000109381	0.151	0.342	0.441520467836257	1
ELK3	1	-0.410713751309292	1	-0.363239857431261	ENSG00000111145	0.112	0.202	0.554455445544554	1
EMX2	8.58451234146043e-23	0.39446945148321	0.0317530960303206	0.0488859670855584	ENSG00000170370	0.166	0	Inf	0.0029024299932537
ENO1	1	-0.485754409892485	1	-0.556454841376333	ENSG00000074800	0.337	0.601	0.560732113144759	1
EP300	0.604608962508853	-0.0107252804399713	0.999999957101809	-0.216472306782808	ENSG00000100393	0.137	0.24	0.570833333333333	0.427633452348318
EPAS1	0.93776367349823	-0.0621084081704741	0.999999999999998	-0.316442625403826	ENSG00000116016	0.239	0.649	0.368258859784283	1
ESR1	0.999999999999589	-0.289356036726414	1	-0.37133465632152	ENSG00000091831	0.224	0.047	4.76595744680851	0.507927005897011
ETS2	1	-0.68411911309096	1	-0.67272060500953	ENSG00000157557	0.215	0.565	0.380530973451327	1
ETV6	0.999999999934988	-0.259837660028013	0.999999999977329	-0.266238780561395	ENSG00000139083	0.156	0.292	0.534246575342466	0.534504649038892
EWSR1	0.725127940559328	-0.0241817383476057	0.999894340439137	-0.149789777340598	ENSG00000182944	0.234	0.41	0.570731707317073	0.136084862500296
FOS	0.999999999999995	-0.312745821916632	1	-0.338313263651595	ENSG00000170345	0.351	0.663	0.529411764705882	1
FOSB	1	-0.489822721218261	1	-0.415349688345521	ENSG00000125740	0.176	0.431	0.408352668213457	1
FOSL2	0.999939631449692	-0.155431079102101	0.991149167302524	-0.0958872892560767	ENSG00000075426	0.2	0.353	0.56657223796034	0.207368723611827
FOXO1	0.98860360874864	-0.0920504190961652	0.999998983462989	-0.192038154063528	ENSG00000150907	0.141	0.198	0.712121212121212	0.266555144067613
FOXO3	0.999999997576558	-0.236599593291518	0.999999989165223	-0.226321495941501	ENSG00000118689	0.249	0.382	0.651832460732984	0.293871990779409
FOXP1	0.999999999999983	-0.306641269872419	0.999999999999999	-0.323364887173965	ENSG00000114861	0.307	0.574	0.534843205574913	0.751339285398221
GABPB1	0.999721561875456	-0.13954957894143	0.999932039834758	-0.153787932679689	ENSG00000104064	0.141	0.166	0.849397590361446	0.279936
GATA6	0.28765389795347	0.0226500810718657	2.19557017333192e-07	0.204209727152084	ENSG00000141448	0.127	0.202	0.628712871287129	0.259523180353145
GLIS3	4.3796170563303e-15	0.313564512845169	0.988091720869291	-0.0423034467194717	ENSG00000107249	0.112	0.285	0.392982456140351	0.288516920148995
GTF2I	1	-0.344549787446984	0.999999999988466	-0.270268334384038	ENSG00000263001	0.337	0.485	0.694845360824742	1
GTF2IRD1	0.46074682218881	0.00398441850253763	6.86717903800054e-12	0.268200940482703	ENSG00000006704	0.107	0.129	0.829457364341085	0.0631566363377414
GTF3A	0.103070698885081	0.0511113346072614	0.636039301567707	-0.014062105219262	ENSG00000122034	0.2	0.281	0.711743772241993	0.0112621955172659
HBP1	1	-0.478429977702171	1	-0.44149236011117	ENSG00000105856	0.137	0.258	0.531007751937985	1
HDAC4	1	-0.35104240512384	1	-0.461325653787565	ENSG00000068024	0.141	0.196	0.719387755102041	1
HDGF	0.0154429623281818	0.0872659525146996	0.924919154997914	-0.0573087329485384	ENSG00000143321	0.112	0.299	0.374581939799331	0.142286320406668
HIF1A	1	-0.373845308502366	1	-0.395562388541516	ENSG00000100644	0.21	0.484	0.433884297520661	1
HIVEP1	0.60980145021558	-0.0112713196929817	0.999999999999981	-0.295675349492105	ENSG00000095951	0.112	0.194	0.577319587628866	1
HIVEP2	0.99999999979262	-0.252610121595534	1	-0.357672759117212	ENSG00000010818	0.122	0.257	0.474708171206226	1
HMGB2	0.604555212662225	-0.0107196385249581	0.993449865751815	-0.0971942511339023	ENSG00000164104	0.112	0.189	0.592592592592593	0.458584565202918
HOPX	2.52743020769743e-05	0.16385862832781	0.999999072409854	-0.190941169544452	ENSG00000171476	0.21	0.521	0.403071017274472	0.288747739504608
HOXA10	2.30424810917669e-99	0.854077510100254	3.57350403705701e-99	0.853239072469172	ENSG00000253293	0.127	0.002	63.5	3.15600652941543e-09
HSF1	0.999999999979384	-0.266808859278375	0.999999999989042	-0.270571771291483	ENSG00000185122	0.151	0.204	0.740196078431373	0.427633452348318
ID2	0.999931951119221	-0.154239653831719	0.999999999998873	-0.283716574719805	ENSG00000115738	0.376	0.372	1.01075268817204	0.355539536519392
ID3	0.978313583109387	-0.0816689275210161	0.989806177201471	-0.0937578342895971	ENSG00000117318	0.205	0.446	0.459641255605381	0.196056110959372
ID4	0.343351895521913	0.0163061155905736	0.97391407493894	-0.076556371316504	ENSG00000172201	0.107	0.243	0.440329218106996	0.367246244327361
ILF2	0.999997530647656	-0.184650556955132	0.999998305581311	-0.187818124284029	ENSG00000143621	0.161	0.349	0.461318051575931	0.885320300068758
IRF1	1	-0.394949750161285	0.999999999998805	-0.283384437635989	ENSG00000125347	0.185	0.297	0.622895622895623	1
IRF2	0.999876393949331	-0.148174472542271	0.98723514441633	-0.0902878112558658	ENSG00000168310	0.127	0.182	0.697802197802198	0.59013441764172
JUN	1	-0.328079565719724	1	-0.370775738784241	ENSG00000177606	0.322	0.68	0.473529411764706	1
JUNB	0.999955980452941	-0.158534622960632	0.99999941423434	-0.196496738727822	ENSG00000171223	0.4	0.704	0.568181818181818	0.196959085631431
JUND	1	-0.469822377797347	0.999999999989158	-0.27063444560826	ENSG00000130522	0.239	0.514	0.464980544747082	1
KAT5	0.999999917705666	-0.211659385325624	0.99999997126503	-0.21938341227926	ENSG00000172977	0.107	0.137	0.781021897810219	1
KAT6A	0.995734656943279	-0.106338568866932	0.999982884150039	-0.167470803089807	ENSG00000083168	0.132	0.289	0.456747404844291	1
KAT6B	0.153659250098221	0.0412718348243525	0.999016720775723	-0.0997875696347228	ENSG00000156650	0.156	0.253	0.616600790513834	0.0965275831021781
KDM2A	0.999991139003555	-0.17351010516039	0.99999997861658	-0.214680508164832	ENSG00000173120	0.171	0.316	0.541139240506329	0.427633452348318
KDM5A	0.999999933851633	-0.213284256849407	0.999997253887636	-0.183746992000746	ENSG00000073614	0.141	0.277	0.509025270758123	1
KDM5B	1	-0.412117361644299	1	-0.391614642486564	ENSG00000117139	0.146	0.249	0.586345381526104	1
KLF10	1	-0.32826194675504	1	-0.346959743709878	ENSG00000155090	0.137	0.299	0.45819397993311	1
KLF12	8.38513712378342e-34	0.487644083470906	5.83695056157285e-25	0.389816220750963	ENSG00000118922	0.102	0.121	0.84297520661157	0.000195909984856267
KLF13	2.84298598836814e-64	0.682678094406409	4.58341023633298e-36	0.501759786882793	ENSG00000169926	0.107	0.275	0.389090909090909	3.0619538566038e-05
KLF2	0.999999807772705	-0.205233489426315	1	-0.438920750718118	ENSG00000127528	0.122	0.289	0.422145328719723	1
KLF3	0.00544936635819615	0.102927417989859	1.02641926394513e-06	0.183364200332137	ENSG00000109787	0.127	0.251	0.50597609561753	0.0633030054383937
KLF6	1	-0.349831233150911	1	-0.442240404451716	ENSG00000067082	0.346	0.617	0.560777957860616	1
KLF7	1	-0.380494918596978	1	-0.345687614524742	ENSG00000118263	0.117	0.197	0.593908629441624	1
KLF9	0.999999999999834	-0.294359556790781	0.999999999955722	-0.262188744134248	ENSG00000119138	0.22	0.358	0.614525139664804	0.662762840122374
KMT2A	1	-0.50332603155057	1	-0.512087189664012	ENSG00000118058	0.112	0.301	0.372093023255814	1
LITAF	0.999975215272555	-0.164043217069001	0.442653784650611	0.00583165506803414	ENSG00000189067	0.307	0.391	0.785166240409207	0.108333775406088
LRRFIP1	0.00846382257396708	0.096553771129585	1.00113047204941e-05	0.171309513004614	ENSG00000124831	0.351	0.631	0.556259904912837	0.00666161311142477
MAF	4.44519515490553e-21	0.377942810605819	2.84238733384008e-21	0.379850513782217	ENSG00000178573	0.117	0.086	1.36046511627907	3.49679981854528e-05
MAFF	0.999999999999675	-0.290661894751302	0.999999999989267	-0.270694176317203	ENSG00000185022	0.22	0.266	0.827067669172932	0.635247200744314
MAX	0.0196719253393505	0.0833053281754783	0.000641097263979904	0.130176273049063	ENSG00000125952	0.176	0.27	0.651851851851852	0.0429618664446484
MAZ	0.957620744728528	-0.0696867265363793	5.95474715358267e-10	0.245843871040541	ENSG00000103495	0.117	0.157	0.745222929936306	0.164021400472672
MBD2	1	-0.463098686905606	1	-0.438680969330059	ENSG00000134046	0.127	0.201	0.631840796019901	1
MEF2A	3.66120188263314e-43	0.554824695888516	1.40335941295486e-50	0.602813843787638	ENSG00000068305	0.22	0.365	0.602739726027397	1.26417204493513e-05
MEIS2	0.235735871934201	0.0291119135168019	1	-0.35116039473781	ENSG00000134138	0.322	0.177	1.81920903954802	0.270731934536912
MITF	6.62318179285168e-19	0.355914811989315	2.65609733644173e-18	0.34956078918126	ENSG00000187098	0.268	0.125	2.144	3.49679981854528e-05
MLXIP	0.999999910157647	-0.211003206079531	0.999999999998083	-0.280420837799849	ENSG00000175727	0.176	0.255	0.690196078431373	0.308381390319051
MTA3	0.999999999965791	-0.263756828556921	0.997242001775956	-0.112145816520018	ENSG00000057935	0.117	0.155	0.754838709677419	1
MXI1	0.370097371458604	0.013405925973169	0.999999999081957	-0.231181024522706	ENSG00000119950	0.122	0.126	0.968253968253968	0.885320300068758
MYC	0.999595800235686	-0.135430367730209	0.999999988665494	-0.226005180749786	ENSG00000136997	0.117	0.343	0.341107871720117	1
NCOA1	1	-0.47792416775621	1	-0.395589003662339	ENSG00000084676	0.156	0.323	0.48297213622291	1
NCOA2	1	-0.467182942773811	0.999999999999148	-0.285295820322178	ENSG00000140396	0.146	0.277	0.527075812274368	1
NCOA3	1	-0.446091992650792	1	-0.387494695373384	ENSG00000124151	0.161	0.272	0.591911764705882	1
NCOA6	0.999993923296918	-0.176865818089942	0.999999999999349	-0.279679293926601	ENSG00000198646	0.112	0.188	0.595744680851064	1
NCOR1	1.07881886311614e-07	0.209629031822854	0.0737334424079867	0.0585618513330864	ENSG00000141027	0.273	0.468	0.583333333333333	0.00336935980965138
NCOR2	0.975217770569103	-0.079388857953751	0.99999999999906	-0.284739478441752	ENSG00000196498	0.176	0.338	0.520710059171598	0.782970174249374
NFAT5	0.882730030058911	-0.0480586906341758	0.999865591974412	-0.147305372329596	ENSG00000102908	0.22	0.375	0.586666666666667	0.0965275831021781
NFE2L1	5.39408506832282e-06	0.177914110429448	8.10392056718957e-12	0.238248872230249	ENSG00000082641	0.102	0.177	0.576271186440678	0.0248671057945989
NFE2L2	1	-0.441424166529707	1	-0.412579630724397	ENSG00000116044	0.283	0.546	0.518315018315018	1
NFIA	0.999998014115797	-0.186489207997782	0.999999963671928	-0.217684459958348	ENSG00000162599	0.263	0.519	0.506743737957611	0.919489450425137
NFIB	0.999999999999999	-0.32438582849069	1	-0.373174165916456	ENSG00000147862	0.146	0.473	0.308668076109937	1
NFIC	1	-0.356603125620917	0.999999999999869	-0.29564407365888	ENSG00000141905	0.273	0.504	0.541666666666667	1
NFIX	2.12860200709724e-07	0.204448772638184	5.02906444019053e-08	0.214645675472142	ENSG00000008441	0.146	0.291	0.501718213058419	0.0162193809001085
NFKB1	1	-0.501105079440616	1	-0.53248332568813	ENSG00000109320	0.166	0.31	0.535483870967742	1
NFKBIZ	0.989370530294128	-0.0931202978931127	0.946743021843331	-0.0636379803906658	ENSG00000144802	0.2	0.464	0.431034482758621	0.232545064738254
NFYB	0.999997472443361	-0.184452967279346	0.999999999960014	-0.26280910948504	ENSG00000120837	0.102	0.126	0.809523809523809	1
NONO	0.999774730559987	-0.141844611848512	0.000117853228240274	0.148574557906899	ENSG00000147140	0.215	0.325	0.661538461538462	0.0761095670805477
NPM1	0.326235660945877	0.0182062144467366	0.995984378189422	-0.107122427102779	ENSG00000181163	0.717	0.681	1.05286343612335	0.00555530525811549
NR1H2	0.99999999999996	-0.302036731319742	1	-0.372324935056652	ENSG00000131408	0.141	0.274	0.514598540145985	1
NR2C2	0.00925316470407182	0.0952217885851794	1.97382561403338e-14	0.305746658391858	ENSG00000177463	0.112	0.168	0.666666666666667	0.0848516081185343
NR2F1	4.11496435126211e-09	0.233015260153607	0.000418712527798476	0.13503506572831	ENSG00000175745	0.117	0.095	1.23157894736842	0.00105654380783514
NR2F2	0.0382437142688574	0.0716162614708718	0.00190713324979928	0.116964011941236	ENSG00000185551	0.185	0.186	0.994623655913978	0.0120624743872184
NR3C1	1	-0.475024959341417	1	-0.537194202073772	ENSG00000113580	0.161	0.416	0.387019230769231	1
NR4A1	0.196846604110219	0.0344828939589808	0.996277325435907	-0.108195372157885	ENSG00000123358	0.239	0.403	0.593052109181141	0.067337732745292
NRF1	1	-0.410241056951453	1	-0.33777446076784	ENSG00000106459	0.102	0.158	0.645569620253165	1
NUPR1	0.999555401506861	-0.134359875681629	0.999999995911093	-0.231091612434781	ENSG00000176046	0.659	0.506	1.30237154150198	0.102288808508374
PARK7	0.999999999852061	-0.254734793199285	0.999999999999995	-0.311001734275615	ENSG00000116288	0.527	0.568	0.927816901408451	0.608690183900324
PBRM1	0.000383980114674983	0.136004248607306	0.0300604702516336	0.0754799920522589	ENSG00000163939	0.229	0.333	0.687687687687688	0.00799248003863248
PBX1	0.110445064115269	0.0494908784952277	0.0190664401471237	0.0838248749579923	ENSG00000185630	0.283	0.279	1.01433691756272	0.00111893424133889
PHF20	0.998431611524416	-0.1194249907399	0.998740340471713	-0.121423577808141	ENSG00000025293	0.18	0.303	0.594059405940594	0.0594250718886487
PHF5A	0.00192515309840082	0.116844550523349	0.966655463211612	-0.0612028808108659	ENSG00000100410	0.102	0.186	0.548387096774194	0.166162743716175
PIN1	1	-0.332266479911103	1	-0.362160043957877	ENSG00000127445	0.2	0.27	0.740740740740741	1
PLAGL1	0.999999999983862	-0.26827305887461	1	-0.386102736819383	ENSG00000118495	0.107	0.202	0.52970297029703	1
PML	0.00745935177607697	0.098416338985878	0.999975797930566	-0.163433890247582	ENSG00000140464	0.107	0.19	0.563157894736842	0.778277366765922
POU2F1	0.981773520959839	-0.0845691171384207	1	-0.435145573672372	ENSG00000143190	0.117	0.18	0.65	1
PRDM2	0.999999984815992	-0.223943796714443	0.999999999983614	-0.268098527460182	ENSG00000116731	0.185	0.256	0.72265625	0.266555144067613
PRRX1	0.28841784689197	0.0225595651310028	0.999999999589266	-0.20729143925252	ENSG00000116132	0.127	0.053	2.39622641509434	0.884597473248331
RB1	0.997702921417634	-0.11458116140047	1	-0.334294993658978	ENSG00000139687	0.112	0.25	0.448	1
RBPJ	1	-0.768647387670699	1	-0.492712362907598	ENSG00000168214	0.205	0.366	0.560109289617486	1
RFX3	0.999999999999577	-0.289205054174649	0.999998532867779	-0.189016540623015	ENSG00000080298	0.107	0.232	0.461206896551724	1
RLF	0.999999999999988	-0.308232657857103	1	-0.349091283731906	ENSG00000117000	0.102	0.194	0.525773195876289	1
RORA	8.15026106622915e-17	0.333394004361446	2.44157422492703e-13	0.292235743739314	ENSG00000069667	0.19	0.3	0.633333333333333	0.00228701465248539
RUNX1	0.990802146309943	-0.0953115686240841	0.999999994253836	-0.230727218315128	ENSG00000159216	0.132	0.344	0.383720930232558	1
SF1	0.057130590713662	0.063849429553332	0.999999897805015	-0.190488221889158	ENSG00000168066	0.259	0.504	0.513888888888889	0.35436251393763
SFPQ	0.995392192348006	-0.105272860181081	1	-0.330991039167155	ENSG00000116560	0.317	0.614	0.51628664495114	0.920821897390441
SKI	1.61847595878141e-19	0.362250191947761	2.4827399748831e-11	0.21768102574921	ENSG00000157933	0.151	0.214	0.705607476635514	0.00462549730666426
SKIL	0.10683699020612	0.0502736328781371	0.586463426639788	-0.00882076617205878	ENSG00000136603	0.112	0.314	0.356687898089172	0.179058352025484
SMAD2	8.78980739155232e-22	0.384813436588555	9.6809759395405e-05	0.15068402087018	ENSG00000175387	0.176	0.366	0.480874316939891	0.0118203375517712
SMAD3	0.991149651448173	-0.0958882704586877	0.999999905992447	-0.210663587325806	ENSG00000166949	0.156	0.197	0.791878172588832	0.108333775406088
SMAD4	0.0562234667200307	0.0641713866600599	0.999999996994526	-0.235148517280204	ENSG00000141646	0.141	0.229	0.615720524017467	0.339195756028583
SMAD5	1	-0.404445338429046	1	-0.459630748927423	ENSG00000113658	0.122	0.222	0.549549549549549	1
SMARCA1	1.74147573354889e-30	0.461524102015635	5.64779269778268e-27	0.43219117261071	ENSG00000102038	0.151	0.196	0.770408163265306	0.000115764682057637
SMARCA4	7.8788910364389e-05	0.152770670872755	1	-0.359527967953923	ENSG00000127616	0.141	0.273	0.516483516483516	1
SMARCA5	0.999999999761093	-0.251714774213014	0.999999999999897	-0.29395382951114	ENSG00000153147	0.141	0.335	0.42089552238806	1
SMARCC1	0.875335109578942	-0.0465722913288672	0.97686395816193	-0.0780465727819302	ENSG00000173473	0.205	0.306	0.669934640522876	0.0103556693769121
SON	5.62794978233552e-08	0.214479116328929	0.998975796786114	-0.0912826280530732	ENSG00000159140	0.312	0.745	0.418791946308725	0.0976843819065486
SOX4	0.999999999910741	-0.257881877923677	0.999993609733454	-0.176421578607821	ENSG00000124766	0.215	0.359	0.598885793871866	0.372534369079936
SOX5	0.999999992128617	-0.228551156224627	1	-0.328371473496491	ENSG00000134532	0.146	0.236	0.61864406779661	0.751339285398221
SP3	1	-0.476811729296012	1	-0.415716658122027	ENSG00000172845	0.117	0.222	0.527027027027027	1
SREBF2	1	-0.400282095750657	1	-0.390475220954563	ENSG00000198911	0.176	0.303	0.580858085808581	1
SRSF2	0.999999688082836	-0.201481370641927	0.999999916134424	-0.211486325715113	ENSG00000161547	0.307	0.543	0.565377532228361	0.229567208023699
SSRP1	1	-0.597369395799962	1	-0.50187348373534	ENSG00000149136	0.102	0.208	0.490384615384615	1
STAT1	1	-0.432941424657131	1	-0.48662216095157	ENSG00000115415	0.107	0.231	0.463203463203463	1
STAT3	1	-0.620399202282277	1	-0.617971829673039	ENSG00000168610	0.317	0.612	0.51797385620915	1
STAT5B	1	-0.444013928171063	1	-0.435150111734447	ENSG00000173757	0.141	0.123	1.14634146341463	1
SUPT20H	0.000145164038163864	0.146502993894467	0.906583151102272	-0.0420090859361777	ENSG00000102710	0.107	0.209	0.511961722488038	0.10176
TCF12	0.999999380163477	-0.196043791072528	0.999989272567828	-0.17178674542453	ENSG00000140262	0.224	0.355	0.630985915492958	0.177442313858355
TCF21	6.53313727351193e-102	0.86520532891138	8.01143799695622e-93	0.823985743126062	ENSG00000118526	0.273	0.062	4.40322580645161	1.00164403949972e-07
TCF4	1	-0.42580489276682	1	-0.428368407238332	ENSG00000196628	0.146	0.363	0.402203856749311	1
TCF7L1	1	-0.473416522961368	1	-0.514654138344662	ENSG00000152284	0.102	0.238	0.428571428571429	1
TCF7L2	0.915136398283527	-0.0555110471148964	0.999999999999986	-0.30758727183973	ENSG00000148737	0.146	0.276	0.528985507246377	0.635247200744314
TEAD1	1	-0.517086662267608	1	-0.532081400568607	ENSG00000187079	0.2	0.359	0.557103064066852	1
TEAD4	1	-0.43359367909278	1	-0.403925055744573	ENSG00000197905	0.122	0.137	0.890510948905109	1
TFCP2	1.20630894443151e-11	0.27000316437842	0.697344276800159	-0.0208922565942948	ENSG00000135457	0.112	0.146	0.767123287671233	0.0166501151914405
TFDP2	0.99997885420643	-0.165536730093239	0.999999999999869	-0.280743285507883	ENSG00000114126	0.18	0.211	0.853080568720379	0.408560012357822
TGFB1I1	0.999998861307794	-0.191108341939298	0.999999995076697	-0.231726082573106	ENSG00000140682	0.361	0.147	2.45578231292517	0.168305669189599
TGIF1	1	-0.388984038286526	0.999998108904983	-0.167372928129362	ENSG00000177426	0.122	0.304	0.401315789473684	1
THRA	0.999999999999979	-0.305477808876449	1	-0.332591625926317	ENSG00000126351	0.132	0.104	1.26923076923077	0.849568451094835
THRB	0.997840140355656	-0.115374586361774	0.999997901072424	-0.186023627358872	ENSG00000151090	0.151	0.194	0.778350515463917	0.151204931847689
TRERF1	1.49020098205234e-09	0.239847373933862	0.684141405524373	-0.0173358877307973	ENSG00000124496	0.132	0.048	2.75	0.00666161311142477
TSC22D1	0.724524429283816	-0.0241086387530877	0.931017817658691	-0.0598559349266428	ENSG00000102804	0.395	0.671	0.588673621460507	0.0910393429400481
TWIST2	0.996008536311256	-0.107247407785352	0.999998132976695	-0.187006424424095	ENSG00000233608	0.146	0.108	1.35185185185185	0.253711589370753
USF2	0.999999999999983	-0.306670705950749	0.999999999999637	-0.29005097347564	ENSG00000105698	0.127	0.161	0.788819875776398	0.920821897390441
VEZF1	0.157799736207874	0.0405715014607654	0.999999998860767	-0.226185231428901	ENSG00000136451	0.137	0.24	0.570833333333333	0.489362509971073
WWTR1	0.000277014021004993	0.139605752790908	0.937134262206458	-0.0563028776219574	ENSG00000018408	0.185	0.468	0.395299145299145	0.142286320406668
XBP1	1	-0.353394593083012	1	-0.345012547128388	ENSG00000100219	0.283	0.583	0.485420240137221	1
YAP1	0.99653880457391	-0.109178414523761	0.999999999999966	-0.296637173351518	ENSG00000137693	0.288	0.398	0.723618090452261	0.534504649038892
YBX1	1.09358061508872e-09	0.241892445475797	0.19810837328885	0.0342992864204012	ENSG00000065978	0.766	0.696	1.10057471264368	0.000124882500603633
YBX3	1	-0.339677993833142	1	-0.551747276549503	ENSG00000060138	0.439	0.707	0.620933521923621	1
YY1	0.990759671584591	-0.09524239384001	0.998644598821606	-0.121234328354548	ENSG00000100811	0.151	0.349	0.432664756446991	0.954537511703622
ZBTB16	0.657797722890154	-0.0164323227764109	0.968612453165858	-0.0752265964779732	ENSG00000109906	0.312	0.428	0.728971962616822	0.00668177269294246
ZBTB7A	1	-0.416760412399457	1	-0.563841334631791	ENSG00000178951	0.102	0.276	0.369565217391304	1
ZEB1	0.999998471388483	-0.188675695366025	0.999999997579343	-0.236607320262079	ENSG00000148516	0.205	0.153	1.33986928104575	0.159564479568367
ZEB2	3.27501526496232e-24	0.407648964953896	1.95776656990035e-29	0.452279701616286	ENSG00000169554	0.224	0.133	1.68421052631579	1.5297814008541e-05
ZFHX3	2.80668208126444e-15	0.315839063147747	0.12326871557574	0.0445794688259666	ENSG00000140836	0.185	0.3	0.616666666666667	0.0350544856995394
ZFPM2	1.80148409593231e-29	0.453238581867866	1.22832324031475e-49	0.586770322545828	ENSG00000169946	0.18	0.1	1.8	9.53915907968807e-06
ZNF148	0.545299511888509	-0.00460036844158042	2.13980240492424e-08	0.221478402504029	ENSG00000163848	0.156	0.336	0.464285714285714	0.434537930239414
ZNF331	0.999584395971395	-0.135118467950243	0.915159654239499	-0.0530097163588552	ENSG00000130844	0.102	0.187	0.545454545454545	1
ZNF407	1	-0.434884696428177	1	-0.385036660182553	ENSG00000215421	0.132	0.217	0.608294930875576	1
ZNF91	1	-0.333697441268891	0.999999999312499	-0.244929144906455	ENSG00000167232	0.127	0.236	0.538135593220339	1
ZXDC	0.998847296808059	-0.123215989677749	0.999999899809457	-0.207692260519105	ENSG00000070476	0.117	0.166	0.704819277108434	0.450900736132321
